0 0.2814479258420368 0.05342818044545107 0.28610873083880795 0.13468026992287918 0.42440255165190893 0.13387692802056556 0.4227363610397029 0.05407829905741217
0 0.27872988669903837 0.2523698586118252 0.28111015900218983 0.3277501071122536 0.3043077052137075 0.3290038693846734 0.33073277127637263 0.3290038693846734 0.37792038924541754 0.3294757455643638 0.4182138436637151 0.32815177806341045 0.41678568028182417 0.251298736075407
0 0.30634104541559554 0.4364690445586975 0.3075311815671713 0.5110459511568124 0.44020804496455684 0.511384012835032 0.4416761041902605 0.43576585503963744
0 0.302294582500238 0.6160159597257927 0.3034847186518137 0.6891200728363325 0.4332095591735694 0.6884506212510711 0.43412608531521324 0.6619125141562853 0.4334475864038846 0.615748179091688
0 0.31181567171284397 0.7851194301628106 0.31252975340378936 0.8582235432733505 0.4415405122345996 0.8568846401028278 0.4420165666952299 0.7832449657240788
1 0.4255274527075206 0.0941275009437523 0.5418815439912487 0.10997934247538683
1 0.1844038130957962 0.0920688291139241 0.28207532426941706 0.10679280942334746
1 0.193567054958184 0.2836231518817204 0.2785058243727599 0.29811407930107525
1 0.419235770311648 0.2835857870894677 0.5407892771804063 0.2971690188172043
1 0.44209554968331866 0.46396045677614184 0.5437761350059737 0.4772555443548387
1 0.20196759259259262 0.4659148185483871 0.3053563189463529 0.4784706493016232
1 0.2046296296296296 0.6420833333333332 0.205 0.6544791666666666 0.30074074074074075 0.6541666666666666 0.30074074074074075 0.6408333333333334
1 0.4351851851851852 0.6389583333333333 0.5418518518518518 0.6385416666666666 0.542037037037037 0.6516666666666666 0.4349649763013296 0.6523570215175537
1 0.44398305440208047 0.8114972631181576 0.5448148148148148 0.8108333333333333 0.5448148148148148 0.8223958333333332 0.44356360890902224 0.8234121366553415
1 0.21055555555555555 0.8140625 0.21092592592592593 0.8261458333333334 0.31037037037037035 0.8247916666666665 0.31037037037037035 0.8134374999999998
