0 0.2834591491704018 0.05296797593772116 0.28660454509711414 0.13324929228591648 0.42870370370370364 0.13385416666666666 0.4259259259259259 0.05364583333333332
0 0.2798148148148148 0.2523958333333333 0.2838888888888889 0.3279166666666667 0.3046905716757097 0.32875530785562634 0.3300503263348274 0.3288658881811748 0.37664150349925296 0.32864472753007784 0.42067704647322474 0.32853414720452934 0.41851458677361014 0.2512384996461429
0 0.30703703703703705 0.4364583333333333 0.30907407407407406 0.5108333333333333 0.44289140520563025 0.5113234253361642 0.44289140520563025 0.4353547416843595
0 0.3038888888888889 0.6161458333333333 0.3051851851851852 0.6894791666666666 0.43425925925925923 0.6883333333333332 0.4362074388613667 0.6527556617126681 0.432962962962963 0.61625
0 0.3137037037037037 0.7845833333333333 0.31444444444444447 0.8574999999999999 0.3170755681371392 0.8581033262561923 0.3255288196901785 0.8578821656050956 0.44388888888888883 0.85625 0.4435185185185185 0.7833333333333333
1 0.4295234725171031 0.09355095541401273 0.5443275923385662 0.1104538180155464
1 0.18640451150739215 0.09187814357567443 0.2836557364158213 0.10682059447983014
1 0.1945333536554387 0.28377914951989025 0.2809023014784331 0.29878257887517146
1 0.42087080221510936 0.28349336991312296 0.5420413554844282 0.2973536808413352
1 0.20418635370624394 0.46567786922725196 0.3068530313753243 0.47881280962491146
1 0.4440709286781473 0.4641056263269639 0.5453436976070721 0.47753772290809327
1 0.20629629629629628 0.64125 0.20703703703703702 0.6544791666666666 0.30296296296296293 0.6538541666666667 0.3031481481481481 0.6407291666666667
1 0.4375835495793033 0.6387119603680114 0.5435185185185185 0.6385416666666666 0.5442592592592592 0.6521874999999999 0.43740740740740736 0.6526041666666667
1 0.21259259259259258 0.8144791666666666 0.21296296296296294 0.8264583333333333 0.3131481481481481 0.8253124999999999 0.31351851851851853 0.8139583333333332
1 0.4453703703703703 0.8111458333333333 0.5472222222222223 0.8099999999999999 0.5464814814814816 0.8229166666666666 0.44584021388692296 0.8234916843595187
