0 0.29458360094198244 0.05382947976878612 0.2994444444444444 0.134375 0.43851851851851853 0.13427083333333334 0.43648148148148147 0.05343749999999999
0 0.29055555555555557 0.2520833333333333 0.29537037037037034 0.3280208333333333 0.316420466709484 0.32899807321772634 0.3594519374866195 0.32947976878612717 0.43074074074074076 0.328125 0.4288888888888888 0.25104166666666666
0 0.32037037037037036 0.43666666666666665 0.32203703703703707 0.5111458333333333 0.45557696424748445 0.5109585741811176 0.45537037037037037 0.43552083333333336
0 0.31611111111111106 0.6157291666666667 0.31796296296296295 0.6893749999999998 0.4478698351530721 0.688222543352601 0.4478698351530721 0.6163294797687862
0 0.3277777777777778 0.7846874999999999 0.329074074074074 0.8578125 0.459074074074074 0.85625 0.45759259259259255 0.7834375
1 0.43952044530079204 0.09393063583815028 0.5546992078783985 0.11054913294797686
1 0.19888674801969597 0.09212427745664739 0.2958681224577178 0.10814065510597301
1 0.20616570327552985 0.28407996146435444 0.2909441233140655 0.2985308285163776
1 0.43117105544851203 0.2835982658959537 0.5538428602012416 0.29744701348747593
1 0.21729822307856989 0.464354527938343 0.32091629201455785 0.47940751445086704
1 0.45707557268250903 0.463752408477842 0.5583386855063155 0.47748073217726394
1 0.22800256904303143 0.8137042389210019 0.22864482980089915 0.8264691714836223 0.3271248126739456 0.8249036608863196 0.32669663883536715 0.8128612716763005
1 0.45921644187540134 0.810693641618497 0.4594305287946906 0.8234585741811173 0.5600513808606293 0.8221339113680154 0.5619781631342325 0.8102119460500962
1 0.21986726611004065 0.6412572254335259 0.22008135302932988 0.6545038535645472 0.31535003211303786 0.6540221579961465 0.31535003211303786 0.6398121387283237
1 0.45001070434596435 0.6390895953757225 0.5572682509098694 0.6384874759152216 0.5566259901520016 0.6520953757225433 0.4502247912652536 0.6526974951830443
