0 0.27574074074074073 0.05364583333333332 0.27994115610938036 0.13383469626168226 0.41904638283142953 0.13334793613707166 0.4190740740740741 0.05385416666666667
0 0.2716666666666666 0.2509375 0.27604707511249565 0.32817367601246106 0.31148148148148147 0.3290624999999999 0.41407407407407404 0.3286458333333333 0.412037037037037 0.2515625
0 0.3007095880927656 0.4363561137071651 0.3018518518518518 0.5114583333333333 0.43555555555555553 0.5107291666666667 0.435 0.43562499999999993
0 0.29685185185185187 0.61625 0.2987625475943233 0.6891063084112149 0.4294305988231222 0.6882544781931464 0.42813257182416053 0.6159705996884736
0 0.3054690204222914 0.7854848130841121 0.30590169608861195 0.8581337616822429 0.4363534094842505 0.8567951713395638 0.4354880581516095 0.782077492211838
1 0.4212962962962963 0.09375 0.5367275353347777 0.11082578922934072
1 0.18002682348086246 0.0921106081708449 0.27685185185185185 0.10729166666666665
1 0.18776436603734653 0.28390494428969354 0.2724074074074074 0.29791666666666666
1 0.4144743629423295 0.28332462859795726 0.5346641906530485 0.29667188950789225
1 0.43665531827091714 0.46452820334261835 0.5385329619312906 0.47773038532961926
1 0.19719488290518927 0.4653130803156917 0.29933044465077885 0.4785152623026926
1 0.2037037037037037 0.8149999999999998 0.20518518518518516 0.8273958333333333 0.3053703703703704 0.8253124999999999 0.3046296296296296 0.8130208333333332
1 0.4372222222222222 0.8101041666666667 0.537962962962963 0.809375 0.539074074074074 0.8223958333333332 0.43851851851851853 0.8237499999999999
1 0.20074074074074075 0.6410416666666666 0.2 0.6547916666666667 0.29518518518518516 0.654375 0.29537037037037034 0.6405208333333332
1 0.4303703703703704 0.6390625 0.5372222222222223 0.6390625 0.5374074074074073 0.6521874999999999 0.4303703703703704 0.6522916666666667
