0 0.29885512292919697 0.05356718898385564 0.4362962962962963 0.05427083333333334 0.4388888888888889 0.05489583333333333 0.4374374374374374 0.13091216216216214 0.3023023023023023 0.13091216216216214
0 0.29542576764798983 0.2528490028490028 0.30043790228975414 0.3280804843304843 0.43497414793711087 0.32763532763532754 0.4308995832350397 0.25057501769285206
0 0.32336635999056385 0.4372346072186836 0.3254985754985755 0.5110398860398859 0.4558140761844465 0.5101495726495726 0.4558140761844465 0.4355116334283
0 0.31837606837606836 0.6162452516619183 0.32199024927262715 0.6880307855626328 0.4511480695132499 0.686482661004954 0.44878902256821573 0.6156006723283793
0 0.3259219941810175 0.7847885704175512 0.3306400880710859 0.857992745930644 0.45979790831170875 0.8564446213729653 0.45783203585751353 0.783572186836518
1 0.30055682105796 0.09347712604403946 0.20248038471273094 0.0931212034927866 0.2020417853751187 0.1062440645773979 0.30034590399055094 0.10605305618830671
1 0.440816670885008 0.09478217539863323 0.5555555555555556 0.09513809794988606 0.5565843621399177 0.10936016144349477 0.44025007913896796 0.10846984805318138
1 0.209229730869822 0.28353976841305994 0.2959533607681756 0.28445512820512814 0.2959533607681756 0.29736467236467234 0.209229730869822 0.29706482536066814
1 0.43471035137701797 0.2841583570750237 0.5545009702185101 0.2837770501138952 0.5551337214207375 0.2969461845102505 0.43471035137701797 0.2963259734093067
1 0.21892476522106152 0.4651887464387464 0.32233301677746123 0.4651887464387464 0.3220692202173684 0.47720797720797714 0.21892476522106152 0.4770595916429249
1 0.4566054658647251 0.4653371320037986 0.5580865603644647 0.46399250189825364 0.5594861243009391 0.47602089268755926 0.4566054658647251 0.4761692782526115
1 0.2242744700371819 0.6414330725771403 0.22451591095658893 0.6532485875706214 0.3186778695253272 0.6525695349847892 0.3186778695253272 0.641025641025641
1 0.4531604616350379 0.63953172533681 0.5579458206576849 0.6388526727509778 0.5584287024964991 0.6517546718817905 0.45343990714361077 0.6517094017094017
1 0.46161089381428366 0.8098381138635375 0.5608431116905693 0.8091590612777054 0.5613259935293833 0.8211103867883528 0.4613694528948767 0.8221968709256844
1 0.2298276111835434 0.8135049978270317 0.32640397894635187 0.8121468926553671 0.3268868607851659 0.8246414602346805 0.22934472934472935 0.8261353759235114 0.22813752474769425 0.815134724033029
