0 0.2581343025268259 0.05354361370716511 0.263405899538215 0.13409139100932993 0.40335500895297327 0.1323685326547922 0.40264819526906037 0.05351463104325701
0 0.2575574016383985 0.251654984423676 0.2601534556363217 0.32823857736240913 0.2886155875977759 0.3294370229007634 0.3981717086042786 0.329171967769296 0.39675808123645273 0.2729802798982189 0.39572516441675326 0.25100597092419524
0 0.28784469828083536 0.43646157840083066 0.2892869505019038 0.5110981308411214 0.4242027657810933 0.5111405575186494 0.4231279566170532 0.4358125649013499
0 0.2869793469481943 0.6157515576323987 0.2887100496134764 0.690063603322949 0.4173589477327795 0.6882788161993769 0.4193761191216661 0.6591656064461409 0.41678204684435216 0.6170495846313603
0 0.2993827160493827 0.7851440809968847 0.3002480673820238 0.8583203530633436 0.43062766816660897 0.8570223260643821 0.4288969655013269 0.782061266874351
1 0.4047686363207992 0.09406806615776084 0.5197907831495617 0.10774491094147583
1 0.16143624540571103 0.09144402035623408 0.25940062199604186 0.10440521628498729
1 0.3988785222881915 0.28278731976251065 0.5197371906957028 0.2959585121602289
1 0.1729454776665077 0.28373867429661415 0.2575157855056074 0.2989556827820187
1 0.18407248450166902 0.4659930853600381 0.28656807573179777 0.4789948959560267
1 0.4244208873184138 0.46427169218688646 0.5256292806351699 0.4777679623085983
1 0.1898148148148148 0.641875 0.19055555555555553 0.6546875 0.28629629629629627 0.6537499999999999 0.28537037037037033 0.6408333333333334
1 0.41944444444444445 0.6392708333333333 0.5274074074074074 0.6385416666666666 0.5281481481481481 0.6518749999999999 0.42102535105079636 0.6538645038167938
1 0.4314814814814814 0.8111458333333333 0.5322222222222222 0.8102083333333333 0.532962962962963 0.8226041666666667 0.43186316087079446 0.8240298982188294
1 0.19888888888888887 0.8143749999999998 0.1985185185185185 0.8265625 0.2975925925925926 0.8257291666666667 0.2977777777777778 0.8133333333333332
