0 0.32790473688818833 0.05365937746256897 0.3316259521933281 0.13492415287628054 0.470843183609141 0.13356973995271865 0.46996760353734346 0.05353624901497243
0 0.4185272743192365 0.2511574074074074 0.32345853632982347 0.2522395096652522 0.3279113625648279 0.32826496935407823 0.3937921372909552 0.3292208431836091 0.46359159725496357 0.32826496935407823 0.4627440679450135 0.251526792750197
0 0.34965163182984965 0.4364097123998114 0.35148514851485146 0.5103724658180103 0.48454607365498453 0.5108144743045733 0.48419577970405386 0.43572695035460995
0 0.3451988055948452 0.6161598302687411 0.34755618418984763 0.6886492220650636 0.4782597307349783 0.6879125412541254 0.4772120069149772 0.6152758132956152
0 0.35526661413186233 0.7834416863672182 0.3550477191139129 0.8581806540583135 0.4869034522499869 0.8560231023102309 0.48353909465020567 0.7820872734436564
1 0.47128097364503974 0.09306048069345943 0.5867546432062561 0.11027614858260018
1 0.23186162702291735 0.09271138807429129 0.32834252692408716 0.1068508668242711
1 0.46429347235798846 0.283174486803519 0.5848539154990767 0.2973790322580645
1 0.23783534267405237 0.28378543499511244 0.32396462656509933 0.2978230890464933
1 0.2465243836211578 0.4652370478983382 0.34913755362927934 0.4789450354609929
1 0.4866036249014972 0.4639233648542159 0.5872977082654501 0.4771505376344086
1 0.4791611942912179 0.6383963750985027 0.5862008580684703 0.6524330181245074
1 0.2497827739763224 0.6408846529814272 0.3451974433061903 0.6534180457052796
1 0.2551851851851852 0.81375 0.25537037037037036 0.8256249999999999 0.3542592592592593 0.8251041666666665 0.3532965589703178 0.8131156422379824
1 0.4866036249014972 0.8105299448384553 0.5883333333333333 0.8094791666666665 0.5888888888888889 0.8211458333333332 0.4874792049732948 0.8225965327029154
