0 0.30520330112721417 0.053470335144927564 0.30957372466806427 0.13463050314465408 0.44758909853249473 0.13325471698113206 0.44654088050314467 0.053262578616352196
0 0.30223619846261357 0.2519654088050315 0.3060796645702306 0.3278301886792453 0.3245981830887491 0.3284198113207547 0.37691223832528176 0.32888926630434784 0.44129979035639416 0.32763364779874216 0.4403180354267311 0.25161345108695654
0 0.32925925925925925 0.4364583333333333 0.3301127214170692 0.5116055253623188 0.46422101449275355 0.5110394021739131 0.46351851851851855 0.43583333333333324
0 0.32462962962962966 0.6161458333333333 0.32685185185185184 0.6890625 0.4568518518518518 0.6879166666666666 0.4561694847020934 0.615630661231884
0 0.33499999999999996 0.784375 0.33592592592592596 0.8581249999999999 0.46444444444444444 0.8560416666666665 0.4646296296296296 0.7831249999999998
1 0.4484881904236742 0.09418941273779985 0.5635970958551604 0.10982733664185278
1 0.20908004778972517 0.0918631100082713 0.30595813204508854 0.10498754528985507
1 0.21643231320650674 0.28391232423490487 0.302938808373591 0.2986016757246377
1 0.44205495818399043 0.28261993382961126 0.562907820972337 0.298904052936311
1 0.46503078761143274 0.464071546732837 0.5656199677938807 0.47792119565217395
1 0.2254428341384863 0.4647588315217391 0.327865085929602 0.47867555831265507
1 0.22952853598014886 0.6412582712985938 0.3238224637681159 0.6542685688405797
1 0.4572190056061023 0.6393196856906534 0.5658946787979046 0.6514681555004136
1 0.4664855072463767 0.8103770380434782 0.5675029868578255 0.8088813068651778 0.5670434702692767 0.8221929280397022 0.4666390956713537 0.8233560794044663
1 0.23458321845418617 0.8146970636889991 0.23550225163128383 0.8258116211745243 0.33337928499218816 0.8247777088502894 0.33337928499218816 0.8134046732837055
