0 0.2785039941902687 0.052666900093370675 0.2808382612304181 0.07834383753501399 0.2834591491704018 0.13391277423920736 0.42146339545490286 0.13358103326256193 0.42219109866168686 0.08067810457516338 0.42087363371864434 0.05329971691436659
0 0.2763820083352992 0.2516808209483369 0.2791342297711724 0.32787066525123854 0.30479691876750703 0.32945990896358546 0.343312324929972 0.32924107142857145 0.4165487143194149 0.3282024062278839 0.41477942911063925 0.2509067586694975
0 0.30207360722066606 0.4359243697478991 0.3035110482031925 0.5115445859872612 0.4369937878430447 0.5109916843595187 0.43707205104263924 0.4837403711484594 0.4368775287892935 0.4353772759103641
0 0.297613430840607 0.6158218329794762 0.29879295431312414 0.6893577494692144 0.42834394904458595 0.688583687190375 0.43006924992219114 0.659904586834734 0.4279507745537469 0.6160429936305732
0 0.30440787426081545 0.78453256302521 0.3053804855275443 0.858499649859944 0.4360994397759103 0.85718662464986 0.4349323062558357 0.7826724439775911
1 0.42374727668845313 0.09380835667600373 0.5399419026870008 0.10927287581699345
1 0.18277777777777776 0.09239583333333333 0.27944444444444444 0.10656249999999998
1 0.417619825708061 0.28317577030812324 0.5385660890248046 0.297468872870249
1 0.1907407407407407 0.28374999999999995 0.2758131030189854 0.29871323529411764
1 0.19777777777777775 0.46572916666666664 0.3011111111111111 0.4786458333333333
1 0.43882275132275134 0.4656862745098039 0.5403703703703704 0.4778124999999999
1 0.4312363834422658 0.6390056022408964 0.537962962962963 0.6386458333333334 0.5385185185185185 0.6520833333333333 0.4314814814814814 0.6527083333333333
1 0.2012962962962963 0.6416666666666666 0.20111111111111107 0.6542708333333334 0.29666666666666663 0.6544791666666666 0.2962962962962963 0.6411458333333333
1 0.2037037037037037 0.8147916666666667 0.2037037037037037 0.8269791666666666 0.30382430750077805 0.8261116946778712 0.30265717398070335 0.8142944677871149
1 0.43740740740740736 0.8106249999999999 0.5394444444444444 0.8102083333333333 0.5392592592592592 0.8225 0.437266573295985 0.8240327380952379
