0 0.3015373864430468 0.054638364779874216 0.3043873312564901 0.135294976635514 0.443276220145379 0.13456483644859812 0.4424108688127379 0.05388434579439254
0 0.2989788854274835 0.2523607866043614 0.30244029075804774 0.3275652258566978 0.3309259259259259 0.3290624999999999 0.35907407407407405 0.3286458333333333 0.3894444444444444 0.3284375 0.4375925925925926 0.32781249999999995 0.4341900311526479 0.2516306464174455
0 0.32429041190723434 0.43623442367601245 0.3251851851851852 0.51125 0.459074074074074 0.5109375 0.45863620629975765 0.43586935358255446
0 0.32212703357563166 0.6165790498442367 0.3227777777777778 0.6890625 0.4535185185185185 0.6877083333333334 0.451497057805469 0.6163356697819314
0 0.3303478712357216 0.7852414330218068 0.3320785739010038 0.8582554517133957 0.46123226029768083 0.8559433411214954 0.4603703703703703 0.7838541666666666
1 0.44499999999999995 0.09458333333333332 0.5592592592592592 0.10927083333333334
1 0.2046296296296296 0.09239583333333333 0.30148148148148146 0.10687499999999998
1 0.2124074074074074 0.28385416666666663 0.2998148148148148 0.29791666666666666
1 0.43740740740740736 0.2836458333333333 0.5594444444444444 0.2969791666666667
1 0.46018518518518514 0.46374999999999994 0.5611111111111111 0.4771875
1 0.22055555555555553 0.46520833333333333 0.3233333333333333 0.4786458333333333
1 0.22555555555555554 0.641875 0.3207407407407407 0.6532291666666666
1 0.4535185185185185 0.6388541666666666 0.5612962962962963 0.6516666666666666
1 0.46370370370370373 0.8105208333333334 0.5635185185185185 0.8099999999999999 0.5631481481481482 0.8222916666666666 0.4638888888888889 0.8231249999999999
1 0.2312962962962963 0.8146875 0.23111111111111107 0.8260416666666666 0.32999999999999996 0.8246874999999999 0.32999999999999996 0.8138541666666665
