0 0.3227777777777778 0.05416666666666666 0.32537037037037037 0.13322916666666668 0.46444444444444444 0.13291666666666666 0.46444444444444444 0.05406249999999999
0 0.3162962962962963 0.25125 0.3216666666666666 0.3280208333333333 0.3414814814814815 0.3288541666666666 0.38055555555555554 0.3295833333333333 0.42277777777777775 0.3286458333333333 0.45777777777777773 0.3279166666666667 0.45629629629629626 0.25166666666666665
0 0.3448148148148148 0.4364583333333333 0.3459259259259259 0.51125 0.47944444444444434 0.5105208333333333 0.4788888888888889 0.4359375
0 0.34018518518518515 0.6160416666666666 0.34074074074074073 0.6888541666666665 0.47203703703703703 0.6877083333333334 0.47129629629629627 0.615625
0 0.46759259259259256 0.7825 0.43925925925925924 0.7823958333333334 0.3494444444444444 0.7846874999999999 0.35 0.8573958333333334 0.4803703703703703 0.85625 0.4783333333333333 0.7830208333333333
1 0.4661111111111111 0.0940625 0.5811111111111111 0.10958333333333332
1 0.22555555555555554 0.09197916666666665 0.32296296296296295 0.10604166666666666
1 0.23222222222222222 0.28385416666666663 0.3174074074074074 0.2976041666666666
1 0.4592592592592592 0.28354166666666664 0.5787037037037036 0.29770833333333335
1 0.4801851851851852 0.46260416666666665 0.5816666666666667 0.47791666666666666
1 0.23977033802361314 0.46508824599708876 0.34408863011483093 0.47862081513828236
1 0.24442018437651625 0.6418076783114992 0.33851851851851855 0.6534374999999999
1 0.4730713245997088 0.6383961062590975 0.5804221251819505 0.6521561135371179
1 0.25 0.8133333333333332 0.2501851851851852 0.8258333333333333 0.347962962962963 0.8247916666666665 0.34814814814814815 0.8125
1 0.4809259259259259 0.8091666666666665 0.5816666666666667 0.8081249999999999 0.5818518518518517 0.8223958333333332 0.48074074074074075 0.8222916666666666
