0 0.34500000000000003 0.05406249999999999 0.34793976566800344 0.13457625619249822 0.48771329716128015 0.13479741684359517 0.48673036093418265 0.054626680820948334
0 0.3363411181882519 0.2521231422505308 0.3400762758512228 0.32864472753007784 0.40499999999999997 0.32927083333333335 0.4781481481481481 0.32895833333333335 0.4783333333333333 0.25135416666666666
0 0.3572222222222222 0.43583333333333324 0.35814814814814816 0.5111458333333333 0.4918416293150901 0.5105493630573248 0.4938888888888888 0.4888541666666667 0.4940740740740741 0.43552083333333336
0 0.34793976566800344 0.6167064755838642 0.34888888888888886 0.6890625 0.48055555555555557 0.6882291666666667 0.4803703703703703 0.6430208333333333 0.4777777777777778 0.6157291666666667
0 0.35069198710387667 0.7843462491153573 0.3508885743492962 0.8573292639773531 0.48122591806243614 0.8565552016985137 0.47965322009907996 0.7826875442321303
1 0.48907407407407405 0.095 0.6046296296296296 0.11114583333333332
1 0.24859775641025636 0.09314903846153846 0.34444444444444444 0.10739583333333332
1 0.2523815883190883 0.28357872596153844 0.337037037037037 0.2983333333333333
1 0.4788888888888889 0.28312499999999996 0.5993812321937321 0.29860276442307687
1 0.4955555555555556 0.4647916666666666 0.5962651353276354 0.47788962339743585
1 0.2541622150997151 0.46524439102564097 0.35685185185185175 0.47916666666666663
1 0.4824074074074074 0.6393749999999999 0.48277777777777775 0.6525 0.5887037037037036 0.6519791666666667 0.5883333333333333 0.6388541666666666
1 0.25166666666666665 0.640625 0.25166666666666665 0.6537499999999999 0.3466666666666666 0.6532291666666666 0.34648148148148145 0.6403125000000001
1 0.25 0.8138541666666665 0.25 0.8258333333333333 0.3487037037037037 0.8248958333333333 0.34888888888888886 0.8130208333333332
1 0.48259259259259263 0.8114583333333332 0.5827777777777777 0.8104166666666666 0.582962962962963 0.8213541666666666 0.4824074074074074 0.8229166666666666
