0 0.2956956956956957 0.05349099099099099 0.29444444444444445 0.054479166666666655 0.2987037037037037 0.13520833333333332 0.43740740740740736 0.13374999999999998 0.43663663663663654 0.05382882882882882
0 0.2912912912912913 0.25123873873873875 0.2959259259259259 0.3279166666666667 0.3585585585585585 0.3295045045045045 0.4316666666666666 0.32781249999999995 0.4288888888888888 0.25145833333333334
0 0.32 0.43635416666666665 0.3211211211211211 0.511936936936937 0.4533333333333333 0.5106249999999999 0.4546296296296296 0.43604166666666666
0 0.3159259259259259 0.6163541666666668 0.3183333333333333 0.6885416666666666 0.4475925925925926 0.6873958333333332 0.44904904904904897 0.6593468468468469 0.44844844844844844 0.6166666666666666
0 0.327037037037037 0.7844791666666666 0.32870370370370366 0.8581249999999999 0.4585185185185185 0.8560416666666665 0.4572572572572572 0.7822072072072073
1 0.197997997997998 0.09177927927927929 0.29522586169985016 0.1082610789980732
1 0.4382382382382382 0.09391891891891892 0.5542710340398201 0.1100674373795761
1 0.4318133162063797 0.28347784200385356 0.5527724256047954 0.29816955684007707
1 0.20659387711410832 0.28347784200385356 0.2928709055876686 0.2979287090558767
1 0.2162277884821237 0.46628131021194597 0.31963177049882247 0.4785645472061656
1 0.4557910511667736 0.464354527938343 0.5566259901520016 0.4769990366088631
1 0.22018518518518518 0.6403125000000001 0.2211111111111111 0.6539583333333333 0.31511511511511514 0.6536036036036036 0.31511511511511514 0.6407657657657657
1 0.45005005005005005 0.6391891891891892 0.5562962962962963 0.6385416666666666 0.5566666666666666 0.6517708333333333 0.4496496496496496 0.6524774774774774
1 0.4592592592592592 0.8106981981981981 0.5588888888888889 0.8097916666666667 0.5594444444444444 0.821875 0.46026026026026023 0.8233108108108107
1 0.22685185185185183 0.8143749999999998 0.2274074074074074 0.8264583333333333 0.32666666666666666 0.8248958333333333 0.3257407407407407 0.8135416666666666
