0 0.30657907264591067 0.05447997000856899 0.31252975340378936 0.13508194087403602 0.44939541083499945 0.1332074764353042 0.4489193563743692 0.053944408740359905
0 0.302294582500238 0.2519681876606684 0.3077692087974864 0.3280178877463582 0.3754266211604095 0.3293515358361775 0.44296867561649045 0.3277501071122536 0.440588403313339 0.25116484575835474
0 0.3303817956774255 0.4364690445586975 0.3322860135199467 0.5115815124250214 0.4660573169570599 0.5107781705227078 0.4658192897267447 0.4357995929734361
0 0.3265733599923831 0.6158820694087404 0.32966771398648004 0.6889861825192801 0.459868608968866 0.6877811696658097 0.4601188218935659 0.6583831058020477 0.4582024183566599 0.615748179091688
0 0.4045000632031348 0.7828142775881684 0.33918880319908595 0.7845838688946014 0.33876880293262546 0.8578284982935152 0.4695992921248894 0.8571174630261661 0.46772350756926584 0.7827094044558697
1 0.21046643913538107 0.09186575654152448 0.30906332954114524 0.10786405005688285
1 0.4506383516622424 0.0943543799772469 0.5659840728100114 0.11053043230944257
1 0.217418783971685 0.2838452787258248 0.30463911009986094 0.2989547781569966
1 0.44305397547718367 0.2836675199089875 0.565036025786879 0.2989547781569966
1 0.22816331690051825 0.4656925483503982 0.32960434837567937 0.4783134243458475
1 0.4680192137530021 0.4637372013651877 0.5688282138794083 0.4781356655290102
1 0.23195550499304762 0.6409627417519909 0.23258753634180251 0.6539391353811148 0.3264441916319049 0.6535836177474402 0.32676020730628236 0.6400739476678042
1 0.4604348375679433 0.6379408418657565 0.5675641511818985 0.6377630830489192 0.5675641511818985 0.6514505119453924 0.4613828845910757 0.652339306029579
1 0.23795980280621912 0.814277588168373 0.2382758184805966 0.8265429465301478 0.33624067753760584 0.8251208759954494 0.3375047402351156 0.8128555176336747
1 0.4695992921248894 0.8112556882821387 0.5707243079256731 0.8100113765642775 0.5707243079256731 0.8217434584755402 0.4695992921248894 0.8229877701934015
