0 0.31160663236134933 0.05447755860491711 0.31454912588341566 0.09071616451458633 0.31428343695201655 0.13211382113821138 0.45327488723715137 0.13345125786163523 0.4513789255539614 0.05544595887135342
0 0.30874785591766724 0.2522691538021727 0.3132206812264201 0.32639885222381637 0.44500239120038254 0.3277439024390244 0.44473670226898343 0.25107604017216645
0 0.33860618766279144 0.43701758147512865 0.3389925075721345 0.510521281683405 0.468648706094904 0.510670731707317 0.4683830171635049 0.4363940698230511
0 0.3335185185185185 0.6165624999999999 0.33592592592592596 0.688125 0.46375706753065243 0.687517867352773 0.46185121656819766 0.6153337621497998
0 0.3417826059335493 0.7847162664379645 0.34500000000000003 0.8572916666666666 0.47519217330538077 0.8554709834190966 0.4726510386887745 0.7832868782161235
1 0.21599644241153676 0.09360706117781592 0.3121579255008236 0.10760401721664274
1 0.4545671927307508 0.09460186513629842 0.5701670796010418 0.10986635220125787
1 0.22421488920771557 0.28365614538498324 0.309065497744743 0.2974735563178959
1 0.4471279026515755 0.2838055954088953 0.5679435868115112 0.2969375357347055
1 0.2325138174194778 0.4654266723842195 0.3357474112191093 0.47757647226986844
1 0.4705085286146979 0.4658357245337159 0.5727082142176481 0.4768617781589479
1 0.23759608665269039 0.6410627501429389 0.333206276602503 0.6528552029731275
1 0.4647099930118798 0.6389186678101773 0.5730258560447239 0.6510684676958262
1 0.2424074074074074 0.8141666666666666 0.24277777777777776 0.8252083333333333 0.3414814814814815 0.8242708333333333 0.34074074074074073 0.81375
1 0.4757407407407407 0.8104166666666666 0.5755555555555555 0.8096874999999999 0.5753703703703703 0.8219791666666666 0.47592592592592586 0.8229166666666666
