0 0.2975685609273395 0.054972434266327405 0.4356328338516633 0.054972434266327405 0.4381613756613756 0.13262648809523808 0.3009259259259259 0.13281249999999997
0 0.29427009706907925 0.2520409245122986 0.29851097917255676 0.3286418575063614 0.43209876543209874 0.32824427480916035 0.4297427198190557 0.2898112807463953 0.42997832438036 0.2521734520780322
0 0.3215748934775483 0.4371773598820058 0.3230088495575221 0.5100018436578171 0.4551376597836775 0.5100018436578171 0.4535387805107907 0.4362542408821035
0 0.3168633235004916 0.616818768436578 0.3195263847918715 0.6886061946902654 0.44953350296861744 0.6883216709075488 0.4457638299877485 0.6163592027141644
0 0.3269010160603081 0.7853982300884954 0.3275155686660111 0.8582227138643066 0.45841527368076035 0.8567247418879054 0.45613043068513803 0.7834764631043256
1 0.4394025068325323 0.09473070398642919 0.5533721494420184 0.10932193110140709
1 0.2010620518626341 0.0929463852498787 0.29756321095476845 0.10704754973313926
1 0.20851003675431154 0.284245122985581 0.2935632833851663 0.29776293469041565
1 0.43186316087079446 0.284245122985581 0.5536417057523315 0.2973374575448811
1 0.2169918009612666 0.4656753604749788 0.3199509942512486 0.47773536895674307
1 0.45495240787861646 0.46421755725190844 0.5557981562348374 0.47716521106259097
1 0.22208744406706563 0.6412239204269772 0.3161813212703798 0.6532018659881255
1 0.45071152577513895 0.638888888888889 0.5579546067173432 0.6518377001455603
1 0.46037131278861554 0.8110421967769295 0.5593023882689093 0.8096797671033478 0.5587632756482829 0.8207484230955846 0.5528330368213918 0.821809801067443 0.4601056660736428 0.8224163027656477
1 0.22618037885213454 0.8139578032230703 0.22924323814909053 0.8254877014418998 0.3251342945999434 0.8240298982188294 0.3253698991612477 0.8125
