0 0.2957407407407407 0.054479166666666655 0.2992592592592592 0.13572916666666668 0.4394444444444444 0.1334375 0.435 0.051145833333333335
0 0.2926463343633839 0.2525443369609029 0.29824443548748264 0.3281187021362354 0.3676608894263066 0.32887444578798875 0.43259259259259253 0.3277083333333334 0.43259886246585155 0.3277408303103587 0.4296296296296296 0.25125
0 0.3201851851851852 0.4364583333333333 0.3214814814814814 0.5108333333333333 0.45314814814814813 0.5104166666666666 0.45388888888888884 0.43614583333333334
0 0.31727797930941826 0.617568520757759 0.3197411438040217 0.689490124949617 0.44939316583814765 0.688860338573156 0.44722222222222224 0.615
0 0.3264814814814815 0.7842708333333333 0.3277777777777778 0.8579166666666665 0.45611088718706616 0.8567613865376863 0.4557407407407407 0.7834375
1 0.1999417797483094 0.09257859733978235 0.2951094988579874 0.10781942765014108
1 0.43931658381476996 0.09459391374445789 0.5546374669712034 0.10882708585247884
1 0.2068834251421918 0.2839076985086658 0.29421380267813163 0.2981408706166868
1 0.43282278651081546 0.28378174123337363 0.5537417707913477 0.29776299879081014
1 0.21606431098571366 0.46579000403063275 0.31839759953423796 0.4783857315598549
1 0.45454341887231847 0.4640266021765417 0.5573245555107709 0.4772521160822249
1 0.22211026019974028 0.6409965739621122 0.3163822831295624 0.652962515114873
1 0.4498410139280756 0.6393591293833131 0.5573245555107709 0.651199113260782
1 0.22748443727887502 0.814313784764208 0.3246674727932285 0.8246422813381701
1 0.4583501276367056 0.8117946392583637 0.5591159478704824 0.8218712212817412
