0 0.30664267506372767 0.05339068825910933 0.31192427418842517 0.13416595197255576 0.44914554348516605 0.13345125786163523 0.4495926425750986 0.053531264057579866
0 0.30364372469635625 0.2511808367071525 0.3084302140905914 0.3282054030874785 0.37811765881941317 0.3294815564552407 0.44406327425195347 0.3280267295597484 0.4415221396353472 0.2508397655803316
0 0.333206276602503 0.43630288736420814 0.33384156025665457 0.5115244425385934 0.4668366071874844 0.5101214574898785 0.4673364322487129 0.436178587494377
0 0.33063427800269907 0.6151315789473685 0.3313840155945419 0.6892150247413406 0.46233818163642726 0.6880904183535763 0.46280414204942505 0.6149764150943395
0 0.3408296804523219 0.7841802458547741 0.3406307792272704 0.8581871345029238 0.4713350327385415 0.8557973459289249 0.47042754589924396 0.7823935105774729
1 0.4507720887031232 0.09419083072100315 0.5662951352606526 0.11035462382445141
1 0.210727969348659 0.09239485370950888 0.30839206277802766 0.10990215924426452
1 0.21856495994427025 0.28309495820271685 0.3048932873494277 0.2986954565901935
1 0.44384465437097015 0.2833726945569051 0.5651340996168582 0.297789315569488
1 0.4678973644490886 0.4638355538140021 0.5698005698005697 0.47792959964012593
1 0.22767031538961363 0.4654183535762483 0.33176593521421105 0.4788564524555904
1 0.23423894113549287 0.6416372779519331 0.3286349777577848 0.6535087719298247
1 0.46445460389804005 0.6395601493434977 0.569528329661421 0.6514789058743233
1 0.47183485779977 0.8098290598290598 0.5731682769726247 0.8086786684782608 0.5729166666666666 0.8218410326086956 0.4722725442834138 0.8226902173913043
1 0.24079106280193233 0.8133491847826086 0.24079106280193233 0.8259454257246375 0.33942230273752017 0.8248131793478259 0.339170692431562 0.8126415307971013
