0 0.33370370370370367 0.11510416666666665 0.33592592592592596 0.1921875 0.47259259259259256 0.19166666666666665 0.4709259259259259 0.11510416666666665
0 0.3274074074074074 0.30645833333333333 0.3301851851851852 0.3803125 0.4627777777777778 0.38010416666666663 0.4631481481481481 0.30604166666666666
0 0.3511111111111111 0.4898958333333333 0.3511111111111111 0.5627083333333334 0.48277777777777775 0.5626041666666667 0.48185185185185175 0.4880208333333333 0.3518518518518518 0.4882291666666666
0 0.3455555555555555 0.6692708333333333 0.34648148148148145 0.7418750000000001 0.4768518518518518 0.7414583333333333 0.4762962962962962 0.6684375
0 0.3527777777777778 0.8417708333333334 0.3535185185185185 0.9163541666666667 0.48333333333333334 0.9155208333333332 0.4831481481481481 0.8407291666666665
1 0.4744444444444444 0.15395833333333334 0.58420613236187 0.16700819672131148
1 0.23812234365513052 0.1520662568306011 0.3324074074074074 0.165625
1 0.2422965998785671 0.33809340846994534 0.327037037037037 0.35083333333333333
1 0.46542956891317544 0.3379866803278689 0.5843958712811171 0.3511142418032787
1 0.4846296296296296 0.5169791666666667 0.5864829993928354 0.5299906079234973
1 0.24704007285974497 0.5176101434426229 0.3496888281724347 0.5294569672131147
1 0.2500758955676988 0.6943519467213115 0.3441863995142683 0.7060920423497267
1 0.4783333333333333 0.6924999999999999 0.5861035215543412 0.7055584016393442
1 0.48535215543412263 0.8677851775956285 0.5880009107468123 0.8798454576502731
1 0.250265634486946 0.8714139344262295 0.3518518518518518 0.8816666666666666
