0 0.3360107095046854 0.1159324799196787 0.33681701503483685 0.19197901933050449 0.47328304258997334 0.19197901933050449 0.47127398482820165 0.11530496987951806
0 0.33015394912985274 0.305754267068273 0.3307926030698308 0.3798326261197548 0.46463932107496464 0.3799799622819425 0.4620705042391789 0.30638177710843373
0 0.35305673424485307 0.4894507307873644 0.35384252710985387 0.5619401225836869 0.48354529228023196 0.5624058734939759 0.4837602807899838 0.48812470532767555
0 0.34755618418984763 0.6693481848184818 0.3467703913248468 0.7421322489391795 0.47904552359997904 0.7422795851013672 0.4785252119589469 0.6682981927710843
0 0.35489025092985493 0.840994813767091 0.35384252710985387 0.9162835926449787 0.484022211744984 0.9161362564827911 0.4849397590361445 0.8407065763052207
1 0.4743418116912093 0.1534262048192771 0.5879043600562588 0.16679852320675104
1 0.23933427097984056 0.15137130801687762 0.33489513609995536 0.1653488955823293
1 0.46485943775100397 0.3379141566265059 0.5853258321612752 0.3507383966244725
1 0.24308485700890764 0.3380801687763713 0.32820169567157514 0.3499937248995984
1 0.24894514767932485 0.5175369198312236 0.35134984381972334 0.5299322289156626
1 0.4854975457385096 0.5170682730923695 0.5879043600562588 0.5295358649789029
1 0.48047746541722447 0.6932417168674697 0.5874355368026254 0.7056962025316456
1 0.24941397093295828 0.6944883966244725 0.3455227379278012 0.7059599156118143
1 0.48633422579205704 0.8673757530120481 0.5876699484294421 0.8811972573839661
1 0.25222691045475853 0.8709124472573839 0.3524654172244534 0.8821222389558232
