0 0.3603174603174603 0.11473214285714284 0.3618974600927891 0.19196744515215852 0.5006880553589684 0.19130396319886764 0.4987221829047732 0.11533527954706298
0 0.3516749233309743 0.30630750176928523 0.35265785955807183 0.38072806086341116 0.4873201226704412 0.38072806086341116 0.4865337736887631 0.3060863411181883
0 0.3711370606275065 0.48865445859872614 0.3709404733820869 0.5621903750884643 0.502457340567744 0.5625221160651097 0.5026539278131635 0.4883227176220807
0 0.35816230242981834 0.6687898089171974 0.3589486514114964 0.7423257254069356 0.4888928206337973 0.7416622434536447 0.4896791696154753 0.6689003892427459
0 0.3583588896752378 0.842732661004954 0.3589486514114964 0.9161579971691436 0.4920382165605096 0.914609872611465 0.4912518675788315 0.8397469922151451 0.36032476212943304 0.8414056970983722
1 0.4933862433862434 0.869345238095238 0.5936507936507935 0.8688988095238095 0.5948148148148148 0.8795833333333333 0.4936507936507936 0.8797619047619047
1 0.257962962962963 0.8703125 0.257962962962963 0.881875 0.35685185185185175 0.881875 0.3566666666666666 0.8695833333333333
1 0.2648148148148148 0.15238095238095237 0.35952380952380947 0.16502976190476187
1 0.5029100529100529 0.15357142857142855 0.6132275132275132 0.16770833333333332
1 0.26455026455026454 0.3375 0.35052910052910047 0.35014880952380956
1 0.4888888888888889 0.33824404761904764 0.6092592592592592 0.35119047619047616
1 0.2661375661375661 0.5177083333333333 0.36904761904761896 0.5290178571428571
1 0.5044973544973546 0.5177083333333333 0.603968253968254 0.5288690476190476
1 0.26296296296296295 0.6938988095238094 0.2626984126984127 0.70625 0.3568783068783069 0.70625 0.3568783068783069 0.6933035714285714
1 0.49153439153439155 0.6936011904761905 0.598941798941799 0.6927083333333333 0.598941798941799 0.7050595238095239 0.49153439153439155 0.7055059523809524
