0 0.341007910314841 0.11492220650636491 0.3431033579548431 0.1918316831683168 0.48009324741998005 0.19109500235737858 0.4782597307349783 0.1143328618576143
0 0.334983498349835 0.3071958981612447 0.33707894598983706 0.38012729844413007 0.4711875949499712 0.38012729844413007 0.46883021635496885 0.3067538896746817
0 0.3588192152548588 0.48812470532767555 0.35934307716485936 0.5622347949080622 0.49188014039499184 0.5622347949080622 0.49188014039499184 0.4884193776520508
0 0.3527948032898528 0.6690535124941065 0.35384252710985387 0.7416902404526167 0.4837602807899838 0.7412482319660537 0.4842841426999843 0.6692008486562941
0 0.36065273193986064 0.8420261669024043 0.36117659384986117 0.9164309288071664 0.4924040023049925 0.9153995756718528 0.4913562784849913 0.8402581329561526
1 0.24591109463189553 0.15202076381164256 0.34046059407572205 0.16557749351130885
1 0.4807399167799613 0.1535270671116055 0.5919746220079923 0.1668520578420467
1 0.4725274725274725 0.3379120879120879 0.5911506612285256 0.3513162773451983
1 0.24920693774976319 0.3381071560993697 0.3342808882297203 0.35096866889136075
1 0.2551806534008981 0.5178207267334074 0.3577637704445269 0.5304505005561735
1 0.4934879934879935 0.5165979853479853 0.5938285337617929 0.5295235446792732
1 0.48595848595848595 0.6935668498168498 0.593004572982326 0.7056451612903225
1 0.25682857495983197 0.6940582128290693 0.3508343508343508 0.7062728937728938
1 0.26007326007326004 0.8708791208791208 0.35856735856735855 0.8811813186813187
1 0.4945054945054946 0.8695054945054945 0.5958485958485957 0.8794642857142858
