0 0.3074427931115829 0.11478237791932058 0.31039160179287567 0.19152512384996462 0.44721632460485966 0.19185686482661005 0.44395924308588064 0.11437863901018926
0 0.30488715892112916 0.3065286624203821 0.3046905716757097 0.38028573956121725 0.4364040261067862 0.38072806086341116 0.4373869623338837 0.3065286624203821
0 0.3278878666352127 0.49009200283085635 0.32808445388063223 0.5623009554140127 0.4590115593300306 0.5623009554140127 0.45842179759377205 0.48887561924982303 0.3302469135802469 0.48909677990092
0 0.3212039002909491 0.6693427105449399 0.32140048753636863 0.7424363057324841 0.4511480695132499 0.7419939844302901 0.451541244004089 0.6684580679405521
0 0.3312298498073445 0.8426220806794055 0.3312298498073445 0.916047416843595 0.4627467169930014 0.9149416135881104 0.4611434578683487 0.8411572052401747
1 0.2148029439696106 0.15140892094017092 0.30680199430199423 0.16543135683760685
1 0.4488112566715186 0.15327056040756912 0.5590574548907882 0.16693376068376067
1 0.4394586894586894 0.33804086538461536 0.5584639126305793 0.35089476495726496
1 0.21688034188034186 0.33854166666666663 0.30264719848053173 0.3502270299145299
1 0.22429962013295343 0.5178285256410255 0.3254985754985754 0.5300146901709402
1 0.46013262170467406 0.5163755458515283 0.5623219373219372 0.5295138888888888
1 0.22480996280122917 0.6944596069868995 0.22460779556849425 0.707651018922853 0.319222060488436 0.7071961426491994 0.31901989325570107 0.6946870451237264
1 0.4538654374898916 0.6938910116448327 0.5612162380721332 0.6936635735080058 0.5620249070030728 0.7049217612809315 0.4538654374898916 0.7048080422125182
1 0.46478246805757717 0.8689046579330422 0.5660682516577713 0.8687909388646288 0.5662704188905062 0.8797079694323144 0.46518680252304706 0.880162845705968
1 0.22945980915413228 0.8704967248908296 0.22925764192139736 0.8825509461426492 0.32933042212518193 0.8826646652110626 0.3295325893579169 0.8701555676855894
