0 0.3220815752461322 0.11418776371308015 0.32466010314111576 0.19237869198312235 0.46108766994842937 0.19211497890295356 0.45897796530707924 0.11405590717299577
0 0.3187998124706985 0.3070938818565401 0.3185654008438818 0.3802742616033755 0.4535864978902953 0.38080168776371304 0.45194561650257853 0.3066983122362869
0 0.3431786216596343 0.4886603375527425 0.3450539146741678 0.5625 0.4749179559306141 0.5622362869198312 0.47562119081106424 0.4895833333333333
0 0.3408345053914674 0.6698312236286919 0.3408345053914674 0.742220464135021 0.4692920768870135 0.7423523206751054 0.4703703703703703 0.7411458333333333 0.4705555555555555 0.6693749999999999
0 0.35161744022503516 0.8426951476793247 0.3520862634786685 0.9164029535864978 0.48288795124238154 0.9150843881856539 0.4835911861228316 0.8416402953586497
1 0.22808251289263945 0.15176687763713076 0.3214814814814814 0.16552083333333334
1 0.4624074074074073 0.15291666666666667 0.5726676043131739 0.1671940928270042
1 0.2325363338021566 0.3376845991561181 0.316924519456165 0.35060654008438813
1 0.4551851851851852 0.33854166666666663 0.5729020159399906 0.35100210970464135
1 0.24074074074074073 0.5180643459915611 0.34224097515236757 0.5303270042194093
1 0.4777777777777778 0.5177083333333333 0.5780590717299577 0.5291402953586497
1 0.243553680262541 0.69501582278481 0.3384903891233005 0.7062236286919831
1 0.47259259259259256 0.6945833333333333 0.5794655414908578 0.7053006329113923
1 0.24981481481481482 0.8695833333333333 0.25074074074074076 0.8828125 0.3496296296296296 0.8821874999999999 0.3494444444444444 0.8696874999999998
1 0.48518518518518516 0.8685416666666665 0.5859259259259259 0.8681249999999998 0.5857407407407408 0.8799999999999999 0.4848148148148148 0.8801041666666667
