0 0.33357202530134855 0.11488542785535268 0.3355611250348092 0.1915279269602578 0.4716155468035167 0.19130415324024347 0.47042208696344034 0.11488542785535268
0 0.32919600588773523 0.30699516648764763 0.3301905557544655 0.38016917293233077 0.463261327922982 0.38039294665234513 0.4620678680829056 0.30665950590762614
0 0.3525925925925926 0.48916666666666664 0.35222222222222216 0.5623958333333332 0.4857381549110872 0.5627685284640173 0.48374905517762656 0.48881131399928385 0.35407407407407404 0.4883333333333333
0 0.3446296296296296 0.6689583333333333 0.3459259259259259 0.7421875 0.4769861160838604 0.742235051915503 0.4751959263237458 0.6692848191908342
0 0.352962962962963 0.8421875 0.35333333333333333 0.9161458333333332 0.4848148148148148 0.9153125 0.48355014520428047 0.841702470461869
1 0.47280900664359304 0.15393394199785176 0.5862962962962963 0.1671875
1 0.2372222222222222 0.151875 0.33217965548792616 0.16590583601861797
1 0.24222222222222223 0.3371875 0.32796296296296296 0.35041666666666665
1 0.4646536977364044 0.33843537414965985 0.5842592592592593 0.3513541666666667
1 0.48653379480447145 0.5163354815610454 0.5866666666666667 0.5301041666666666
1 0.24722222222222223 0.5173958333333333 0.35008155308907185 0.5295381310418904
1 0.24925925925925924 0.6939583333333333 0.3431197040219596 0.7062074829931972
1 0.47718502605720653 0.6933404940923737 0.5861111111111111 0.7057291666666666
1 0.48613597485777926 0.8694504117436448 0.5875925925925926 0.8802083333333333
1 0.2522222222222222 0.8706249999999999 0.3506782830091101 0.8819817400644467
