0 0.32724505327245057 0.11413146879756471 0.3299932352443768 0.19166191019786913 0.46647283775996645 0.19153701084394154 0.4642313546423135 0.11448820395738206
0 0.32214888155482213 0.30704856199905706 0.32267274346482266 0.3802746346063178 0.4552098066949552 0.38101131541725597 0.45442401382995445 0.30616454502593116
0 0.34231756508984235 0.48856671381423855 0.3431033579548431 0.5625294672324375 0.4753784902299753 0.5622347949080622 0.4748546283199749 0.48871404997642615
0 0.3344596364398345 0.6693481848184818 0.33550736025983546 0.7422795851013672 0.4651631829849652 0.7412482319660537 0.46549974632166413 0.6688546423135464
0 0.3383886007648384 0.8417314945780291 0.3402221174498402 0.9170202734559169 0.47066373303997067 0.9158415841584159 0.4696160092199696 0.840552805280528
1 0.2330923568547331 0.1521982555398397 0.3266017077898266 0.1659005186232909
1 0.4676137324539151 0.15337233637747336 0.578055424590078 0.16707920792079206
1 0.23361621876473362 0.3381364922206506 0.3203153648698203 0.34977604903347476
1 0.4565194614699566 0.3381364922206506 0.5767457698150767 0.35051272984441295
1 0.47773586882497765 0.5165605846298915 0.5764838388600765 0.5295261669024045
1 0.23702132117973704 0.5184759547383309 0.3407459793598408 0.5296735030645922
1 0.23655504819888382 0.6945395738203957 0.23702132117973704 0.70765558698727 0.33274141721630307 0.7071442161339421 0.33231861998985285 0.6939450152207002
1 0.46782513106714024 0.6928748097412482 0.5746503221750747 0.6926272984441301 0.5746503221750747 0.7061822253653937 0.46824792829359035 0.705955098934551
1 0.23675939022473674 0.8704620462046204 0.33629315312483626 0.8704620462046204 0.33655508407983653 0.8819542668552568 0.23702132117973704 0.8821016030174444
1 0.47171145685997173 0.8686940122583685 0.5738645293100739 0.8685466760961809 0.5743883912200743 0.8809229137199435 0.4724972497249725 0.880628241395568
