0 0.3453775111872798 0.11473061268209084 0.3470437017994858 0.19171754498714652 0.4848614681519565 0.19171754498714652 0.48295725030943537 0.11486450299914311
0 0.33799866704751025 0.30605987574978577 0.3389507759687708 0.3802351113967438 0.47296010663619914 0.38077067266495285 0.4736741883271446 0.3069971079691517
0 0.3589450633152432 0.48882015852613536 0.3606982778957301 0.5622346072186837 0.4912882033704656 0.5625937232219366 0.4912882033704656 0.4884184875749785
0 0.3491859468723222 0.669170415595544 0.35013805579358276 0.7421406383890317 0.4803389507759688 0.7424084190231361 0.47891078739407783 0.6698398671808055
0 0.3534704370179948 0.8420228149100257 0.35370846424831 0.9155285989717223 0.48248119584880506 0.9149930377035134 0.48248119584880506 0.8408178020565552
1 0.25150583109060615 0.15118584198385238 0.34345764449570676 0.16560337370242212
1 0.48635140330642057 0.15352869088811993 0.594322696398821 0.16668468858131488
1 0.25278738946559015 0.33735222029988465 0.3364090734332949 0.3492466839677047
1 0.47577854671280273 0.33861375432525953 0.5935362113706062 0.3508492569002123
1 0.25727284377803405 0.5181120242214533 0.35723439702678456 0.5289251730103806
1 0.49339997436883243 0.5170307093425606 0.5940023068050749 0.5291053921568627
1 0.2525925925925926 0.6938541666666667 0.2522222222222222 0.7075 0.34759259259259256 0.7076041666666666 0.34701580561453166 0.6938694267515922
1 0.48185185185185175 0.6928124999999999 0.5896296296296296 0.6923958333333333 0.5903703703703703 0.7057291666666666 0.48203703703703704 0.70625
1 0.48612102466492185 0.8683529621698785 0.5872392735347767 0.868018379728765 0.5870410024585613 0.8798402926481085 0.4859636706770464 0.880307855626327
1 0.2511697993496709 0.8708065667380442 0.25097152827345554 0.8824054246966451 0.350900150686018 0.8819593147751605 0.3510984217622334 0.8702489293361884
