0 0.33685185185185185 0.11499999999999999 0.33851851851851855 0.19145833333333334 0.4742592592592593 0.19052083333333333 0.47388888888888886 0.11489583333333334
0 0.3307407407407407 0.30739583333333337 0.3328025477707006 0.38072806086341116 0.46481481481481474 0.38145833333333334 0.4640740740740741 0.306875
0 0.35462373201226705 0.48920736022646844 0.35403397027600847 0.5618586341118188 0.48574742470708493 0.5621903750884643 0.4851576629708265 0.48876503892427453 0.3573759534481402 0.48876503892427453
0 0.34774317842258395 0.668679228591649 0.3497090508767791 0.7429892073602264 0.4806361563261776 0.7424363057324841 0.47788393489030434 0.6692321302193914
0 0.35658960446646215 0.8424009200283085 0.3563930172210427 0.916489738145789 0.48648148148148146 0.9160416666666666 0.48388888888888887 0.8413541666666667
1 0.24055555555555555 0.15166666666666667 0.3353703703703703 0.16552083333333334
1 0.47722222222222216 0.1540625 0.5885185185185186 0.16697916666666668
1 0.4657407407407406 0.33812499999999995 0.5874074074074073 0.3515625
1 0.24370370370370367 0.338125 0.3301851851851852 0.35041666666666665
1 0.25074074074074076 0.5172916666666667 0.35222222222222216 0.5303125
1 0.4877777777777777 0.5167708333333334 0.5885185185185186 0.5293749999999999
1 0.4809259259259259 0.6934375 0.5881481481481482 0.705625
1 0.2518518518518518 0.6955208333333334 0.34685185185185186 0.70625
1 0.25277777777777777 0.8706249999999999 0.3542592592592593 0.8815624999999999
1 0.48796296296296293 0.8690624999999998 0.5894444444444444 0.8798958333333333
