0 0.3372222222222222 0.11479166666666667 0.33925925925925926 0.19124999999999998 0.4775925925925925 0.19072916666666667 0.47648148148148145 0.11510416666666665
0 0.33037037037037037 0.30604166666666666 0.3333333333333333 0.38010416666666663 0.46685185185185185 0.3803125 0.4659259259259259 0.3054166666666666
0 0.3537037037037037 0.48916666666666664 0.3535185185185185 0.5623958333333332 0.4837037037037037 0.5623958333333332 0.48444444444444446 0.4883333333333333
0 0.34425925925925926 0.6691666666666667 0.34500000000000003 0.7429166666666667 0.47481481481481475 0.7426041666666666 0.4746296296296296 0.6693749999999999
0 0.3486494012809802 0.8411654135338346 0.34833333333333333 0.9159374999999998 0.4788888888888889 0.9153125 0.47870370370370363 0.8404166666666665 0.3514341409078251 0.8410087719298245
1 0.24310776942355886 0.1520989974937343 0.3363965469228627 0.16541353383458646
1 0.47869674185463656 0.15350877192982454 0.5912002227791701 0.16760651629072681
1 0.24366471734892786 0.3381892230576441 0.3305485937064884 0.350250626566416
1 0.46867167919799496 0.3380325814536341 0.5875800612642718 0.35087719298245607
1 0.2497911445279866 0.5178571428571428 0.3519910888331941 0.5292919799498745
1 0.48593706488443333 0.5170739348370927 0.5873015873015872 0.5291353383458646
1 0.2472848788638262 0.694548872180451 0.3428014480646059 0.7061403508771928
1 0.4764689501531606 0.694235588972431 0.5853522695627958 0.7047305764411027
1 0.24644945697577272 0.8701441102756892 0.34586466165413526 0.882048872180451
1 0.4812030075187969 0.8688909774436089 0.581453634085213 0.8793859649122806
