0 0.35814814814814816 0.11458333333333333 0.36148148148148146 0.1915625 0.4971494849414171 0.19119338287331916 0.4957733742234805 0.11489295824486907
0 0.35010222536761815 0.3059757607926398 0.35226468506723285 0.38028573956121725 0.4851576629708265 0.3806174805378627 0.48338837776205085 0.30630750176928523
0 0.3742824565542187 0.4889861995753716 0.37526539278131626 0.5627432767162066 0.5059959109852953 0.5627432767162066 0.5065856727215539 0.4883227176220807
0 0.3681882519462137 0.6690109695682944 0.3677950774553747 0.7424363057324841 0.4991153573956123 0.7422151450813871 0.4981324211685146 0.668679228591649
0 0.3740858693087993 0.8417374380750177 0.3750688055358968 0.9153839348903043 0.5048163875127781 0.9147204529370134 0.504423213021939 0.8401893135173388
1 0.26433518303437 0.1521728610143243 0.35814814814814816 0.16624999999999998
1 0.49888888888888877 0.15364583333333331 0.6112616681722374 0.16693283004258605
1 0.2662709166774207 0.33800329074719315 0.34907407407407404 0.35031249999999997
1 0.48648148148148146 0.33760416666666665 0.6073902008861359 0.35106949283778544
1 0.27186303609067836 0.5176635694928378 0.3725925925925926 0.5293749999999999
1 0.5088888888888888 0.51625 0.6095410160450812 0.5301248548199767
1 0.3655555555555555 0.6940624999999999 0.2716666666666666 0.6940624999999999 0.27148148148148143 0.7069791666666667 0.3655555555555555 0.7065624999999999 0.3655555555555555 0.6953125
1 0.5011111111111112 0.6936458333333333 0.607037037037037 0.6927083333333333 0.6074074074074074 0.7053125 0.5009259259259259 0.7055208333333333
1 0.5066666666666667 0.8681249999999998 0.6094444444444445 0.8680208333333332 0.6096296296296295 0.8807291666666666 0.5064814814814814 0.8801041666666667
1 0.27314814814814814 0.8703125 0.2722222222222222 0.881875 0.37222222222222223 0.8817708333333332 0.3718518518518519 0.8703125
