0 0.3426824883135563 0.11516484627831713 0.3438061848256023 0.19152002427184467 0.48091900311526464 0.1912723909657321 0.47909924487594385 0.1147855987055016
0 0.33571556993887086 0.3061792071197411 0.336405330564209 0.38013531931464173 0.4692367601246105 0.37977024922118374 0.46880408445829 0.30602609034267914
0 0.35933714087919694 0.48856113707165105 0.35933714087919694 0.5619402258566979 0.4913032191069574 0.5623052959501558 0.4906542056074766 0.48843944704049835
0 0.35327968155070955 0.6695142133956387 0.3526306680512287 0.7421631619937695 0.48404350952894637 0.7424403317152103 0.4831445523193096 0.6692455501618122
0 0.3599874145990651 0.8412975323624595 0.3606616325062927 0.9160093042071196 0.4903362099964041 0.9147451456310678 0.4896619920891766 0.8410447006472491
1 0.24739302409205324 0.15207827669902912 0.33953613807982747 0.1649726941747573
1 0.4831445523193096 0.1539745145631068 0.5946152463142754 0.16674251618122976
1 0.2503146350233729 0.33803600323624594 0.33369291621718805 0.35042475728155337
1 0.4716828478964401 0.33740392394822 0.5921431139877741 0.35093042071197406
1 0.25593311758360304 0.5174201051779935 0.35706580366774543 0.5298088592233009
1 0.49348256023013304 0.516408778317152 0.5943905070118661 0.5294296116504854
1 0.4860661632506293 0.6927588996763754 0.591918374685365 0.7056533171521036
1 0.2557083782811938 0.6951608009708737 0.3507731032002877 0.7069174757281552
1 0.49213412441567783 0.867971278317152 0.5946152463142754 0.8802336165048542
1 0.25862998921251346 0.8692354368932037 0.35796476087738227 0.8811185275080906
