0 0.2852777777777778 0.054531249999999996 0.28777777777777774 0.13968750000000002 0.4283333333333333 0.13999999999999999 0.4261111111111111 0.05500000000000001
0 0.2841666666666667 0.2525 0.28555555555555556 0.32671875 0.42083333333333334 0.32671875 0.4191666666666667 0.2521875
0 0.31055555555555553 0.438125 0.31333333333333335 0.50953125 0.4447222222222222 0.50984375 0.44499999999999995 0.43671875
0 0.3075 0.6168750000000001 0.30972222222222223 0.6900000000000001 0.43916666666666665 0.6878124999999999 0.43777777777777777 0.6165625
0 0.3186111111111111 0.7871875 0.3202777777777778 0.8568749999999999 0.44833333333333336 0.8559374999999999 0.4480555555555556 0.7853125000000001
1 0.1888646288209607 0.09381823144104803 0.28378214459000484 0.10780567685589519
1 0.4305555555555556 0.09578125 0.5430616205725376 0.1089997270742358
1 0.42277777777777775 0.28500000000000003 0.5418486171761281 0.29748908296943233
1 0.19553614750121298 0.2845251091703057 0.2816593886462882 0.29731850436681223
1 0.4477777777777777 0.46515625 0.5451843765162543 0.47796124454148475
1 0.20887918486171758 0.46704421397379914 0.3083454633672974 0.4786435589519651
1 0.4417758369723435 0.6400109170305677 0.5479136341581756 0.6516102620087336
1 0.21100194080543422 0.6423990174672489 0.305616205725376 0.6538277838427947
1 0.4513888888888889 0.8110937500000001 0.550642891800097 0.8223594432314411
1 0.21797671033478894 0.8148539847161572 0.31622998544395925 0.8247475436681222
