0 0.3144171779141104 0.05581384202453989 0.3173994546693933 0.13801284509202455 0.4554362644853442 0.13777319785276074 0.4537321063394683 0.05557419478527609
0 0.3131390593047035 0.25232457822085885 0.3139911383776414 0.32781345858895705 0.4452113156100886 0.32781345858895705 0.44563735514655756 0.2530435199386503
0 0.33699727334696655 0.43900977760736193 0.33870143149284254 0.5106643021472392 0.4690695296523517 0.5109039493865031 0.4682174505794137 0.4380511886503068
0 0.33188479890933875 0.6165883819018405 0.33486707566462165 0.6882429064417177 0.4639570552147239 0.6884825536809815 0.4592706203135651 0.6156297929447853
0 0.3404055896387185 0.784341449386503 0.34210974778459435 0.8571942101226993 0.46864349011588274 0.8569545628834355 0.46779141104294475 0.7836225076687116
1 0.2198364008179959 0.09463669478527609 0.3118609406952965 0.10685870398773008
1 0.4588445807770961 0.09439704754601227 0.569614860259032 0.11045341257668713
1 0.22622699386503065 0.2853958972392638 0.3088786639400136 0.2976179064417178
1 0.4490456714383095 0.2844373082822086 0.567910702113156 0.2978575536809816
1 0.23176550783912744 0.4656106211656442 0.33486707566462165 0.47807227760736193
1 0.4724778459441036 0.46393309049079756 0.570040899795501 0.47807227760736193
1 0.2360259032038173 0.6412720475460122 0.3293285616905249 0.6532544095092024
1 0.4656612133605998 0.6393548696319018 0.57046693933197 0.6527751150306748
1 0.23900817995910018 0.8142973542944786 0.33699727334696655 0.8253211273006136
1 0.47162576687116564 0.8104629984662577 0.569614860259032 0.8217264187116564
