0 0.3122362869198312 0.05399525316455696 0.31795042054006195 0.13695219123505975 0.4549929676511955 0.13666930379746836 0.4549929676511955 0.055379746835443035
0 0.3122362869198312 0.25375791139240506 0.31329113924050633 0.3267405063291139 0.4479606188466948 0.3269382911392405 0.44585091420534456 0.2529667721518987
0 0.3368495077355837 0.43789556962025317 0.340014064697609 0.5104825949367088 0.46835443037974683 0.5102848101265822 0.46919728493433677 0.5081756308100929 0.46845949535192566 0.43803950863213814
0 0.3333333333333333 0.6166930379746836 0.3343881856540084 0.6884889240506329 0.4634317862165963 0.6892800632911392 0.460970464135021 0.6151107594936709
0 0.34282700421940926 0.7863924050632911 0.34282700421940926 0.8568037974683543 0.47257383966244726 0.8568037974683543 0.470672864099159 0.784777556440903
1 0.2169479606188467 0.09394778481012658 0.3083591559687177 0.10852423638778219
1 0.45878136200716846 0.09408602150537634 0.5717299578059071 0.10977056962025315
1 0.45075254537405934 0.28427954847277553 0.5685654008438819 0.2978639240506329
1 0.22433192686357242 0.28520569620253167 0.30942334739803096 0.29766613924050633
1 0.4739929172200089 0.46356241699867196 0.5724331926863573 0.4778481012658228
1 0.23417721518987342 0.4657832278481012 0.3350914205344585 0.4784414556962025
1 0.23769338959212377 0.640625 0.33052039381153303 0.6534810126582278
1 0.4662447257383966 0.6388449367088607 0.5710267229254571 0.6511075949367088
1 0.4750351617440225 0.8087420886075949 0.5724331926863573 0.8217958860759493
1 0.24331926863572434 0.813884493670886 0.3382559774964838 0.8251582278481011
