0 0.34493670886075944 0.055577531645569625 0.34634317862165964 0.140625 0.48347398030942335 0.14200949367088606 0.4841772151898734 0.054390822784810125
0 0.3424753867791842 0.2543512658227848 0.3459915611814346 0.32713607594936706 0.47749648382559773 0.32832278481012656 0.47644163150492264 0.2521756329113924
0 0.3621659634317862 0.43710443037974683 0.3632208157524613 0.5114715189873418 0.4940225035161744 0.510878164556962 0.4940225035161744 0.4369066455696203
0 0.35232067510548526 0.6170886075949367 0.3533755274261603 0.6878955696202531 0.48241912798874825 0.6878955696202531 0.4817158931082981 0.6153085443037974
0 0.35372714486638535 0.7875791139240506 0.35478199718706044 0.8564082278481011 0.4820675105485232 0.856012658227848 0.4831223628691983 0.785996835443038
1 0.24964838255977498 0.09473892405063292 0.34282700421940926 0.10759493670886075
1 0.4859353023909986 0.09553006329113924 0.6023206751054851 0.10917721518987342
1 0.47890295358649787 0.2842167721518987 0.5988045007032349 0.29727056962025317
1 0.2538677918424754 0.2844145569620253 0.3414205344585091 0.29727056962025317
1 0.2580872011251758 0.46479430379746833 0.3597046413502109 0.477254746835443
1 0.4950773558368495 0.46558544303797467 0.5977496483825597 0.47705696202531644
1 0.2563291139240506 0.6418117088607594 0.3495077355836849 0.6536787974683544
1 0.4845288326300984 0.6398338607594936 0.5907172995780591 0.6509098101265822
1 0.25070323488045004 0.8144778481012658 0.35056258790436007 0.8237737341772151
1 0.4866385372714487 0.8115110759493671 0.5847398030942335 0.8217958860759493
