0 0.3022222222222222 0.054843750000000004 0.30416666666666664 0.138125 0.4447222222222222 0.13890625 0.4433333333333333 0.054531249999999996
0 0.30083333333333334 0.2534375 0.3011111111111111 0.328125 0.43693134822167085 0.3285902605459057 0.4375 0.25234375
0 0.3272222222222222 0.4378125 0.3288888888888889 0.51 0.4605555555555556 0.510625 0.46027777777777773 0.43671875
0 0.3213888888888889 0.6174999999999999 0.325 0.6878124999999999 0.4538888888888889 0.6878124999999999 0.4519444444444444 0.6159375
0 0.3308333333333333 0.78734375 0.3325 0.8568749999999999 0.4624345188861318 0.8564671215880892 0.46036669423766197 0.8558855459057071 0.4589881444720154 0.7862903225806451
1 0.2056796250344638 0.09440911910669975 0.2997656465398401 0.10662220843672457
1 0.44727047146401994 0.09518455334987592 0.5596222773642129 0.10953008684863523
1 0.44106699751861045 0.2838089330024814 0.5589330024813897 0.2977667493796526
1 0.21498483595257795 0.2855536600496278 0.2973531844499587 0.2975728908188585
1 0.22325613454645715 0.46564826302729523 0.3249241797628895 0.47824906947890816
1 0.46346843121036674 0.4652605459057072 0.5634132892197409 0.477667493796526
1 0.2277364212848084 0.6420595533498759 0.31975461814171496 0.6542726426799007
1 0.4562310449407224 0.638376240694789 0.562379376895506 0.6515586228287841
1 0.23083815825751314 0.8138182382133994 0.32837055417700584 0.8260313275434242
1 0.46415770609318996 0.8097472084367245 0.562379376895506 0.8221541563275434
