0 0.2842679127725857 0.05449279595015579 0.288571649644073 0.13862291086350975 0.42618553132571824 0.13967581775700938 0.42359176725471986 0.054839832869080785
0 0.28431600123800677 0.2524373259052925 0.28431600123800677 0.32708043175487467 0.41740173320953255 0.3279509052924791 0.4185623645930052 0.25156685236768805
0 0.3098498916744042 0.4382834261838441 0.3121711544413494 0.5092270194986073 0.4406143608789848 0.5100974930362117 0.43984060662333635 0.43632486072423404
0 0.30636799752398636 0.6169481197771588 0.3086892602909316 0.6878917130919221 0.43570439598476984 0.6880110981308412 0.4340374497059733 0.617383356545961
0 0.3125580315691736 0.7858199860724234 0.31449241720829463 0.8578516713091922 0.44332250077375424 0.8576340529247911 0.4437093779015784 0.7851671309192201
1 0.18648321218414676 0.09246008566978195 0.2829698857736241 0.1077930295950156
1 0.4292142609899619 0.09440712616822432 0.5421426098996193 0.11022683021806853
1 0.42099342332987194 0.28546047507788164 0.5404119072343372 0.29787285825545173
1 0.19730010384215993 0.2847303348909658 0.28167185877466255 0.29762947819314645
1 0.2050882658359294 0.4645882009345795 0.3071997230875736 0.47870424454828664
1 0.4430598823122187 0.4658051012461059 0.5421426098996193 0.47870424454828664
1 0.43743509865005187 0.636901285046729 0.5430079612322604 0.6522342289719626
1 0.20725164416753203 0.6415255062305296 0.30244029075804774 0.6532077492211837
1 0.44608861197646243 0.8109180295950157 0.5464693665628245 0.8216267523364487
1 0.2150398061613015 0.8148121105919005 0.3093631014191762 0.8247906931464175
