0 0.32414068745004004 0.053544664268585174 0.32758620689655166 0.13685344827586204 0.46647509578544055 0.1372126436781609 0.4639208173690932 0.05495689655172413
0 0.31960408684546615 0.25359195402298845 0.3224776500638569 0.32740660919540227 0.4578544061302682 0.3270474137931034 0.4543422733077905 0.2523347701149425
0 0.34355044699872284 0.4374999999999999 0.3448275862068965 0.5095186781609196 0.4747765006385695 0.50933908045977 0.47445721583652606 0.43732040229885055
0 0.33723674655047203 0.6178257761437909 0.33716475095785436 0.6885775862068965 0.46519795657726687 0.688397988505747 0.4638707334785766 0.6157832924836601
0 0.340676883780332 0.786817528735632 0.34355044699872284 0.8575790229885056 0.4719029374201788 0.8559626436781608 0.4711328976034858 0.7845435049019608
1 0.22964376590330787 0.09303435114503816 0.32294317217981333 0.10754611959287533
1 0.4680255795363709 0.0943869904076739 0.579163132598247 0.10993161577608142
1 0.4593582131750071 0.2836752544529262 0.5756290641786824 0.29838581424936383
1 0.23282442748091597 0.28546437659033075 0.3176420695504665 0.2979882315521628
1 0.2381255301102629 0.46576812977099236 0.3406135142776364 0.47868956743002544
1 0.4783950617283951 0.46336294934640526 0.5763358778625953 0.4776956106870228
1 0.46931735657225854 0.6372293709150327 0.5728018094430308 0.6510416666666666
1 0.23847893695221936 0.6420960559796438 0.33283856375459425 0.6528307888040712
1 0.24201300537178397 0.8138517811704835 0.33813966638394116 0.824984096692112
1 0.47431009440813365 0.8113511029411764 0.5738620299689002 0.8222010178117047
