0 0.3302777777777778 0.054843750000000004 0.3313888888888889 0.13671875 0.47117794486215536 0.137453007518797 0.4697222222222222 0.0540625
0 0.32957393483709274 0.25281954887218044 0.3313888888888889 0.32765625 0.4653299916457811 0.3282424812030075 0.4630555555555555 0.2528125
0 0.35694444444444445 0.4371875 0.3566666666666667 0.51046875 0.49027777777777776 0.51046875 0.4886111111111111 0.43656249999999996
0 0.3538888888888889 0.6168750000000001 0.3538888888888889 0.68875 0.4841666666666667 0.68875 0.4836111111111111 0.615
0 0.36138888888888887 0.78671875 0.36277777777777775 0.85703125 0.49138888888888893 0.85703125 0.48955722639933164 0.7857142857142857
1 0.47493734335839594 0.09609962406015037 0.586048454469507 0.11019736842105263
1 0.23391812865497075 0.09281015037593984 0.32706766917293234 0.1087875939849624
1 0.4682539682539682 0.2835996240601504 0.5839598997493733 0.2974624060150376
1 0.24310776942355888 0.2843045112781955 0.3266499582289056 0.2976973684210526
1 0.49331662489557226 0.46405075187969924 0.5910609857978278 0.47791353383458646
1 0.24937343358395989 0.46616541353383456 0.3533834586466165 0.4786184210526316
1 0.487468671679198 0.6388627819548872 0.5910609857978278 0.6508458646616541
1 0.2531328320802005 0.6421522556390977 0.34962406015037595 0.6531954887218044
1 0.49456975772765244 0.8101503759398495 0.5927318295739348 0.8223684210526315
1 0.26190476190476186 0.8146146616541353 0.3592314118629908 0.8244830827067668
