0 0.2970829464562055 0.054404596100278556 0.3005648406066233 0.14014623955431754 0.4379062209842154 0.1392757660167131 0.4375193438563912 0.054839832869080785
0 0.29630919220055707 0.25309018105849584 0.3013385948622717 0.3275156685236769 0.43210306406685234 0.32708043175487467 0.42984934086628995 0.2531779661016949
0 0.3260987310430207 0.43806580779944293 0.3260987310430207 0.5109679665738162 0.45686320024760124 0.5111855849582173 0.45527306967984926 0.4372351694915254
0 0.3206824512534819 0.6167305013927578 0.3241643454038997 0.6894150417827298 0.4549288146084803 0.6889798050139275 0.4515065913370998 0.6157309322033898
0 0.33577065923862576 0.7862552228412256 0.3388656762612194 0.8569811977715878 0.46808263695450314 0.8561107242339834 0.46657250470809786 0.7857521186440677
1 0.4416491963661775 0.09571540880503145 0.5538085255066387 0.10927672955974843
1 0.2012578616352201 0.09414308176100629 0.2959468902865129 0.1069182389937107
1 0.43535988819007687 0.2838050314465409 0.5534591194968553 0.297562893081761
1 0.21034241788958769 0.2847877358490566 0.2959468902865129 0.29638364779874216
1 0.45877009084556253 0.4642295597484277 0.5604472396925227 0.47720125786163525
1 0.22047519217330536 0.46599842767295596 0.32285115303983225 0.4779874213836478
1 0.45632424877707894 0.6385613207547169 0.560796645702306 0.6509433962264151
1 0.226764500349406 0.6419025157232705 0.3193570929419986 0.6533018867924528
1 0.24074074074074076 0.8146619496855345 0.3336827393431167 0.824685534591195
1 0.47099930118798045 0.8113207547169811 0.5681341719077567 0.8231132075471699
