0 0.30942334739803096 0.05518196202531646 0.3111814345991561 0.13884493670886075 0.45147679324894513 0.13884493670886075 0.45042194092827 0.054390822784810125
0 0.3048523206751055 0.252373417721519 0.30689964157706096 0.32904905913978494 0.44205495818399043 0.3279989919354839 0.44127988748241914 0.2509889240506329
0 0.32841068917018285 0.43789556962025317 0.3315752461322082 0.5096914556962024 0.460267229254571 0.5089003164556962 0.45960274790919947 0.4365759408602151
0 0.3217299578059072 0.6182753164556962 0.3234880450070323 0.6880933544303798 0.4507735583684951 0.6882911392405063 0.45026881720430106 0.6165574596774194
0 0.3273558368495077 0.7879746835443038 0.3273558368495077 0.8577927215189873 0.45464135021097046 0.8571993670886077 0.4532556750298685 0.7868783602150538
1 0.21589310829817157 0.09355221518987342 0.306526284348865 0.10706485215053767
1 0.45464135021097046 0.09533227848101265 0.5643459915611814 0.11095727848101264
1 0.4451476793248945 0.28382120253164556 0.5615330520393811 0.29766613924050633
1 0.21976090014064695 0.2857990506329114 0.30274261603375524 0.29707278481012656
1 0.22573839662447256 0.466376582278481 0.3263009845288326 0.47863924050632906
1 0.4634317862165963 0.4661787974683544 0.5629395218002813 0.4774525316455696
1 0.4547491039426523 0.6379788306451613 0.559774964838256 0.651503164556962
1 0.22573839662447256 0.6410205696202531 0.31856540084388185 0.6530854430379747
1 0.22362869198312238 0.8150712025316456 0.32383966244725737 0.8251582278481011
1 0.45773596176821985 0.8116599462365592 0.5548523206751054 0.8227848101265822
