0 0.28444444444444444 0.05515625 0.28638888888888886 0.13703125 0.43000000000000005 0.1371875 0.4261111111111111 0.0546875
0 0.2841666666666667 0.25328125 0.2847222222222222 0.3265625 0.42083333333333334 0.3275 0.4188888888888889 0.25265624999999997
0 0.3086111111111111 0.438125 0.31277777777777777 0.51046875 0.4433333333333333 0.510625 0.4408333333333333 0.43703125
0 0.3044444444444444 0.6174999999999999 0.30833333333333335 0.68859375 0.4361111111111111 0.688125 0.43472222222222223 0.61625
0 0.31222222222222223 0.7876562500000001 0.3161111111111111 0.8584375 0.4469444444444445 0.8573437500000001 0.44638888888888884 0.78515625
1 0.4316666666666667 0.09578125 0.5427777777777778 0.11046875
1 0.18916666666666665 0.09453125 0.28305555555555556 0.10703125
1 0.4222222222222222 0.28484375 0.54 0.29796875
1 0.19722222222222222 0.28484375 0.28138888888888886 0.29703124999999997
1 0.44499999999999995 0.4646875 0.5430555555555555 0.47703125
1 0.20527777777777778 0.46671874999999996 0.30694444444444446 0.47828125000000005
1 0.4386111111111111 0.639375 0.5441666666666667 0.65234375
1 0.20750000000000002 0.6434375 0.3030555555555555 0.65453125
1 0.4494444444444445 0.81125 0.5477777777777777 0.82265625
1 0.21277777777777776 0.8153124999999999 0.31055555555555553 0.82546875
