0 0.30277777777777776 0.05437499999999999 0.3074074074074074 0.13427083333333334 0.44703703703703707 0.13406249999999997 0.4464814814814814 0.05322916666666666
0 0.29907407407407405 0.25197916666666664 0.3024074074074074 0.328125 0.3340740740740741 0.32947916666666666 0.377037037037037 0.3290624999999999 0.4237037037037037 0.32927083333333335 0.44055555555555553 0.32781249999999995 0.4381481481481481 0.25135416666666666
0 0.32425925925925925 0.43635416666666665 0.32481481481481483 0.5115624999999999 0.4585185185185185 0.5107291666666667 0.46018518518518514 0.43562499999999993
0 0.3181481481481481 0.6155208333333333 0.31870370370370366 0.6891666666666667 0.44962962962962966 0.6885416666666666 0.45037037037037037 0.635625 0.4487037037037037 0.6161458333333333
0 0.3257407407407407 0.7851041666666667 0.3257407407407407 0.8579166666666665 0.4546296296296296 0.8565624999999999 0.4546296296296296 0.78375
1 0.44922648986434993 0.09473593964334703 0.5648148148148148 0.10968749999999998
1 0.2072664228014022 0.09237825788751715 0.30385992988873645 0.10598851165980794
1 0.2124104557232129 0.28367198216735245 0.29928745618046027 0.29792524005486964
1 0.44179622008840114 0.2832433127572016 0.5625857338820301 0.29813957475994507
1 0.46092592592592596 0.46260416666666665 0.5623952141441854 0.47818072702331954
1 0.21944901691815266 0.4653536522633745 0.3233333333333333 0.47885416666666664
1 0.2211111111111111 0.6407291666666667 0.2225080018289895 0.6537208504801096 0.3168152720621856 0.6537208504801096 0.3164814814814815 0.6404166666666666
1 0.4527777777777778 0.6386458333333334 0.5588888888888889 0.6384375 0.5587753391251333 0.6517918381344306 0.45227480566986733 0.6520061728395061
1 0.457037037037037 0.8108333333333333 0.5574417009602195 0.8097565157750342 0.5572511812223746 0.8218664266117969 0.4566666666666666 0.8236458333333333
1 0.2240321597317482 0.8137217078189298 0.22441319920743785 0.8263674554183812 0.3232929431489102 0.8251886145404663 0.3237037037037037 0.813125
