0 0.32944444444444443 0.05375 0.3307407407407407 0.0915625 0.3333333333333333 0.13458333333333333 0.47201575503462295 0.13362993138936535 0.47042754589924396 0.05394153802172671
0 0.41481481481481475 0.25145833333333334 0.325332232444759 0.2524548832271762 0.32985373908940785 0.3282024062278839 0.35407407407407404 0.3290624999999999 0.3966666666666666 0.32916666666666666 0.4368518518518518 0.32895833333333335 0.4649999999999999 0.3286458333333333 0.46215695525674294 0.25179140127388533
0 0.354230557521428 0.43623938428874726 0.35407407407407404 0.5102083333333333 0.355016906503106 0.5111022646850671 0.48692694817960214 0.5104387827317763 0.48814814814814816 0.43531249999999994
0 0.35067979371776836 0.6170886075949367 0.352037037037037 0.6892708333333333 0.4824074074074074 0.6878124999999999 0.4824074074074074 0.6565624999999999 0.48077824660103136 0.6156381856540084
0 0.36146272855133615 0.784678270042194 0.36148148148148146 0.8573958333333334 0.4907407407407407 0.8557291666666667 0.490154711673699 0.7825685654008439
1 0.47259259259259256 0.09416666666666666 0.5885185185185186 0.10979166666666666
1 0.23351400180668477 0.09273373983739838 0.3298148148148148 0.10802083333333332
1 0.4653703703703704 0.2841666666666667 0.5859259259259259 0.2973958333333333
1 0.23907407407407405 0.28354166666666664 0.3259259259259259 0.2973958333333333
1 0.48870370370370364 0.46374999999999994 0.5903703703703703 0.4772916666666666
1 0.24925925925925924 0.4651041666666666 0.3525925925925926 0.4786458333333333
1 0.25481481481481477 0.6404166666666666 0.25555555555555554 0.6535416666666667 0.3494444444444444 0.6529166666666666 0.3492592592592592 0.6405208333333332
1 0.4835185185185185 0.6392708333333333 0.59 0.6382291666666667 0.590925925925926 0.6516666666666666 0.48407407407407405 0.6518749999999999
1 0.492037037037037 0.8096874999999999 0.5924074074074074 0.8088541666666667 0.5924074074074074 0.8219791666666666 0.49240740740740735 0.8219791666666666
1 0.2603703703703703 0.81375 0.2605555555555555 0.8255208333333333 0.3596296296296296 0.8244791666666667 0.3596296296296296 0.8122916666666665
