0 0.3211250193169526 0.05403917477978674 0.3236413984077535 0.13602511682242993 0.46274662512980264 0.1346865264797508 0.4607995846313603 0.05449279595015577
0 0.3126081689165801 0.2516306464174455 0.3180166147455867 0.32841705607476634 0.3437902436511616 0.3293057487250811 0.4530114226375908 0.32878212616822433 0.45128071997230873 0.25150895638629284
0 0.33748701973001033 0.4364778037383177 0.33900138456213214 0.5111954828660435 0.47161647628937337 0.5109521028037383 0.47183281412253375 0.43526090342679125
0 0.32861716857043954 0.6160922897196263 0.32969885773624086 0.6889846183800623 0.45993423329871924 0.6881327881619939 0.4602070777314171 0.6565832174316178 0.4596919589965487 0.6152932313398237
0 0.4281481481481481 0.7822916666666666 0.33402561439944617 0.7847546728971964 0.3342419522326064 0.8583771417445483 0.46444444444444444 0.8567708333333333 0.46274662512980264 0.7829293224299065
1 0.4635553495080616 0.09402526657394528 0.5773965899139751 0.11068613815484467
1 0.22170710348735387 0.09243161798794622 0.32062503090540473 0.10667000445037829
1 0.22815605993176083 0.2834334668446818 0.3149384364337635 0.2978971962616822
1 0.4538581877435165 0.283868098277227 0.5737711581237765 0.2977755304089582
1 0.4729268654502299 0.46367378727191805 0.5738021065123868 0.47785936804628387
1 0.23329727502189257 0.4644761242466388 0.33669584136873854 0.4791110369381397
1 0.46149487456858806 0.6389082058414464 0.46200999330345643 0.6526715345387111 0.5690740740740741 0.6517708333333333 0.5688888888888889 0.6385416666666666
1 0.23296296296296296 0.6409374999999999 0.23296296296296296 0.6541666666666666 0.327037037037037 0.6541666666666666 0.327037037037037 0.6403125000000001
1 0.23351851851851851 0.8139583333333332 0.23388888888888887 0.8262499999999999 0.332037037037037 0.8251041666666665 0.3322222222222222 0.8130208333333332
1 0.4653703703703704 0.8095833333333333 0.46574074074074073 0.8236458333333333 0.5668518518518518 0.8223958333333332 0.5664814814814814 0.8091666666666665
