0 0.29600163198694407 0.054059567523459806 0.29967116649359643 0.13531931464174454 0.4392811814930195 0.13369678089304254 0.43639667705088264 0.05354361370716511
0 0.2910176531671859 0.2514927310488058 0.29622829684029195 0.3293298653610771 0.297588285960379 0.3289473684210526 0.4329072034090394 0.3283098735210118 0.42947386638975427 0.25100597092419524
0 0.3209347658552065 0.43579151366789065 0.32161476041525 0.5116534067727458 0.45456905503634476 0.510611370716511 0.4542806045921311 0.43597481827622014
0 0.3164012922579901 0.6162383177570093 0.31730812820164106 0.689641982864137 0.4480937485833446 0.6882394940840474 0.4478670837299968 0.6148000815993472
0 0.3277777777777778 0.7848958333333333 0.32833333333333337 0.8579166666666665 0.459074074074074 0.8564583333333333 0.4568518518518518 0.7835416666666667
1 0.19853574504737298 0.09205426356589147 0.29622829684029195 0.10748164014687882
1 0.43925381930277896 0.09434924520603835 0.5559862187769166 0.11028661770705835
1 0.20646901491454733 0.2840677274581803 0.29237499433337866 0.2983476132190942
1 0.4331338682623872 0.28368523051815586 0.553946235096786 0.2975826193390453
1 0.21666893331520015 0.4654987760097919 0.3200281064418151 0.47901366789065686
1 0.4562536833038669 0.4633312933496532 0.558026202457047 0.4778661770705834
1 0.22165556008885262 0.6418298653610771 0.3152681445215105 0.6538147694818441
1 0.4487737431433882 0.6390248878008975 0.5573462078970035 0.6524122807017543
1 0.22800217598259212 0.8133159934720521 0.32592139262885894 0.8253008975928193
1 0.4596536561040845 0.8098735210118319 0.5593861915771341 0.8221134230926153
