0 0.26185185185185184 0.05375 0.26499999999999996 0.13395833333333332 0.4048148148148148 0.13385416666666666 0.40256168473990256 0.05348302687411598
0 0.25980931426475984 0.2519448373408769 0.2647860024097648 0.3281176331918906 0.27722222222222215 0.32895833333333335 0.3025925925925926 0.32916666666666666 0.4012962962962962 0.3290624999999999 0.39833333333333326 0.25145833333333334
0 0.29490806223479493 0.43655704856199906 0.29595578605479594 0.5115511551155115 0.427968987374928 0.5111091466289486 0.42851851851851847 0.4853124999999999 0.42744512546492747 0.43655704856199906
0 0.29674157891979674 0.6166018387553039 0.2985750956047986 0.6895332390381895 0.4277070564199277 0.6887965582272513 0.42851851851851847 0.6563541666666667 0.4268518518518518 0.6161458333333333
0 0.3132432290848133 0.7848597359735974 0.31296296296296294 0.8584375 0.44342291371994347 0.8560231023102309 0.4410655351249411 0.7827970297029702
1 0.4059259259259259 0.09395833333333334 0.5197395197395197 0.10920329670329669
1 0.16401500452722806 0.09240395809080325 0.2622222222222222 0.10729166666666665
1 0.17522528349070843 0.28436651144741953 0.2611111111111111 0.29822916666666666
1 0.40072435648687105 0.2836389212262321 0.5223127667830811 0.2973418703919286
1 0.429736774026646 0.46449638630190143 0.5319227784245246 0.47735048020954596
1 0.19031604363385507 0.4662640667442763 0.2940111240460484 0.47875436554132716
1 0.4303703703703704 0.6397916666666668 0.4303703703703704 0.6527083333333333 0.5368518518518518 0.6520833333333333 0.5368518518518518 0.6388541666666666
1 0.20055555555555551 0.6414583333333332 0.20092592592592592 0.6549999999999999 0.2959259259259259 0.6538541666666667 0.29537037037037034 0.6413541666666667
1 0.2124074074074074 0.8140625 0.2137037037037037 0.8259374999999999 0.3098148148148148 0.8253124999999999 0.3096296296296296 0.8134374999999998
1 0.4444444444444444 0.8116666666666668 0.546111111111111 0.8106249999999999 0.5459259259259259 0.8221874999999998 0.4446296296296296 0.8234375
