0 0.2794439683899838 0.05421218937446444 0.2839664857659716 0.1345463796058269 0.42440255165190893 0.1345463796058269 0.42226030657907265 0.05340884747215082
0 0.2773017233171475 0.25210207797772066 0.2823002951537656 0.32815177806341045 0.2998805256869773 0.32895346681497956 0.31718370205578217 0.32895346681497956 0.41935483870967744 0.32895346681497956 0.41678568028182417 0.2517004070265639
0 0.31038602562518025 0.43671208750463475 0.3120339471841141 0.5114479050797182 0.44582500238027223 0.5106442802056554 0.44534894791964197 0.4359334832904884
0 0.3101494811006379 0.6168193016281063 0.31276778063410454 0.6889861825192801 0.4448728934590117 0.6880489502999143 0.4439207845377511 0.6164176306769494
0 0.32707123140938493 0.7838570634037819 0.32645326082478476 0.8442250648869113 0.32776349614395883 0.8580896529562981 0.4568450541754212 0.8566230997404523 0.45629820051413883 0.782843294772922
1 0.4255345445556792 0.09339080459770113 0.540683063486178 0.11019187986651835
1 0.1828780950026779 0.09246384872080089 0.27969348659003834 0.10810622914349274
1 0.19317760474601411 0.2836484983314794 0.278457545420838 0.29917500926955876
1 0.4199728092942776 0.2833008898776418 0.5417130144605117 0.2982480533926585
1 0.44736950521155194 0.4651001112347052 0.5485106908911136 0.47749814608824614
1 0.2057430066328843 0.46579532814238045 0.30956206484571336 0.47912031887282164
1 0.22551806534008986 0.8144466073414904 0.22593004572982328 0.8258018168335187 0.32398137848638403 0.8244113830181682 0.3243933588761175 0.8134037819799775
1 0.4589049561240885 0.8103911753800517 0.45869896592922177 0.8223257322951426 0.5573682692703829 0.8223257322951426 0.5586042104395831 0.8094642195031515
1 0.44613356404235155 0.6401789024842417 0.44613356404235155 0.65199758991472 0.5526304947884481 0.6515341119762699 0.5516005438141144 0.6390202076381163
1 0.21501256540188687 0.641337597330367 0.2152185555967536 0.6543149796069707 0.3097680550405801 0.6543149796069707 0.30935607465084664 0.640874119391917
