0 0.3309259259259259 0.05416666666666666 0.3345736702434522 0.13515706126687435 0.4724074074074074 0.133125 0.47129918080073846 0.054517133956386285
0 0.3273624091381101 0.2523039979231568 0.3307407407407407 0.32760416666666664 0.3512962962962963 0.32895833333333335 0.3953703703703703 0.32927083333333335 0.46703703703703703 0.3284375 0.4638888888888889 0.25104166666666666
0 0.3553421022268375 0.4366238317757009 0.3559259259259259 0.5111458333333333 0.4883333333333333 0.5105208333333333 0.4877777777777777 0.43583333333333324
0 0.352037037037037 0.6165624999999999 0.3533229491173417 0.6884410695742471 0.4831481481481481 0.6876041666666667 0.48148148148148145 0.6151041666666666
0 0.36296296296296293 0.7846874999999999 0.3625533633321796 0.8576713395638629 0.49264451367255097 0.8553997923156802 0.49062536056305517 0.7825480269989615
1 0.473991769547325 0.09392237982663515 0.5889116539707555 0.1114066193853428
1 0.23399877418789944 0.09281422379826636 0.3316259521933281 0.10857466509062255
1 0.24231678486997632 0.2839095744680851 0.3274074074074074 0.29822916666666666
1 0.4666666666666667 0.28354166666666664 0.5872953331582172 0.29720744680851063
1 0.25107258558795204 0.4653725866824271 0.35395324402416595 0.47805481678487
1 0.49037037037037035 0.4640625 0.5903703703703703 0.47791666666666666
1 0.25555555555555554 0.6403125000000001 0.2551851851851852 0.6538541666666667 0.35055555555555556 0.6535416666666667 0.35037037037037033 0.6396875
1 0.48388888888888887 0.6384375 0.5905555555555555 0.6383333333333333 0.5907407407407407 0.65125 0.48407407407407405 0.6515625
1 0.4938888888888888 0.8095833333333333 0.5937037037037037 0.8087499999999999 0.5940740740740741 0.8210416666666667 0.4940740740740741 0.8222916666666666
1 0.2622222222222222 0.8138541666666665 0.26240740740740737 0.8253124999999999 0.36037037037037034 0.8238541666666667 0.36037037037037034 0.8130208333333332
