0 0.27182709701989904 0.053676628106255356 0.27634961439588684 0.1332074764353042 0.4174997619727696 0.13267191516709512 0.4144054079786727 0.05327495715509854
0 0.2699228791773779 0.25210207797772066 0.27325526040178993 0.3280178877463582 0.32382543660739144 0.32948442534908695 0.4103512750129291 0.3283655567490154 0.4089589051995067 0.25082796276405295
0 0.3030086641911835 0.43673682519280205 0.30433225921947726 0.5113005728607232 0.3102995584198591 0.5113005728607232 0.4382081310101875 0.5106442802056554 0.4386841854708179 0.43633515424164526
0 0.302294582500238 0.6158820694087404 0.30443682757307433 0.6892539631533847 0.4336856136341998 0.6879150599828621 0.4358117516012252 0.6575366988900824 0.4334475864038846 0.6160159597257927
0 0.31752832524040747 0.7851194301628106 0.3180043797010378 0.8580896529562981 0.44772922022279343 0.8566168594687232 0.44749119299247836 0.7827094044558697
1 0.4179098540000796 0.09441013247404226 0.5337958022056207 0.10894699395233012
1 0.17508597177754062 0.09249377445748844 0.27290448343079915 0.10750089509488006
1 0.1845725127475394 0.28437388829598 0.26995138147752873 0.29815901814300955
1 0.4118542234870943 0.283706865884027 0.5335981659354124 0.29904838135894696
1 0.43991857385667416 0.464358769121309 0.5402394876079086 0.4782939491586108
1 0.19899996047274596 0.4661374955531839 0.3017464295659784 0.4793009308986752
1 0.43695402980354947 0.6396744930629668 0.4375469386141744 0.6524590892920668 0.5434799794458278 0.6523479188900746 0.5428870706352029 0.6390074706510138
1 0.20769595636191152 0.6413420490928494 0.20848650144274478 0.6542378157239416 0.3019684572512747 0.6537931341159728 0.30177082098106645 0.6406750266808964
1 0.21757776987232696 0.8137673425827107 0.21738013360211864 0.8262184276058342 0.31560535989564803 0.8251067235859123 0.31560535989564803 0.812655638562789
1 0.4490856192851206 0.8109933499584372 0.4493165235060497 0.8230725270157938 0.5495289553893047 0.8229426433915211 0.5495289553893047 0.8108634663341647
