0 0.3626166817223728 0.11475271002710027 0.36386333254698433 0.19185686482661005 0.5018675788314855 0.19163570417551307 0.4995085318864512 0.1152246992215145
0 0.35546522131887986 0.3056190718157181 0.3571793662027207 0.38028573956121725 0.4896791696154753 0.38028573956121725 0.4886962333883778 0.3060863411181883
0 0.38116301014390186 0.48876503892427453 0.3807698356530628 0.5623009554140127 0.5116969411024612 0.5623009554140127 0.5109105921207833 0.4879909766454352
0 0.3738892820633797 0.6690109695682944 0.37526539278131626 0.742657466383581 0.5061924982307148 0.7422151450813871 0.5050813008130081 0.6690379403794038
0 0.38450499331603366 0.8418480184005661 0.38450499331603366 0.9156050955414013 0.5152355115200127 0.914831033262562 0.5152355115200127 0.8401893135173388
1 0.267102942541539 0.1521903717627402 0.361087904947554 0.16628811612364242
1 0.5030111412225233 0.15328590785907859 0.6131068411770166 0.16681025480367587
1 0.4910424208669822 0.33846334586466165 0.6112503480924533 0.3504725355054302
1 0.2698876821683839 0.3379412071846282 0.35459017915158264 0.35086413951545525
1 0.2770815928710665 0.517687447786132 0.37965283579318665 0.5299577067669172
1 0.5131737428485396 0.5164930555555556 0.6149633342615798 0.5293050334168755
1 0.2770815928710665 0.6943008563074351 0.372458925090504 0.706048976608187
1 0.5082806383619392 0.6942327235772358 0.6154274575327205 0.7053963032581452
1 0.2821869488536155 0.87078373015873 0.2820686540198736 0.8813939701897018 0.3825654923215899 0.881076388888889 0.3824375754200315 0.8698699874686715
1 0.5171258657031015 0.8684789972899729 0.6178109003312255 0.8678438346883468 0.6183754893104486 0.8805470867208672 0.5173140620295092 0.8801236449864497
