0 0.3340074148972026 0.11459386585776876 0.3363411181882519 0.19207802547770697 0.47219413549039435 0.19232389619143914 0.47050893158072127 0.11533114256825075
0 0.32764108901621547 0.30628581058308046 0.3306370070778564 0.38022413211998646 0.4632063813054713 0.38032945736434104 0.46117401902964533 0.30763446567586694
0 0.3516749233309743 0.48987084217975935 0.3508885743492962 0.5623009554140127 0.48417780773695834 0.5621208291203235 0.48230535894843274 0.48944641051567234
0 0.3442046080050326 0.6685686482661005 0.34676024219548635 0.7421045647558386 0.47611464968152867 0.7424363057324841 0.47552488794527015 0.6684580679405521
0 0.35265785955807183 0.8419585987261146 0.3530510340489109 0.9159368365180466 0.4826020287803727 0.9151627742392072 0.48249260382728526 0.8408114256825074
1 0.4729431150058046 0.1532482305358948 0.5862706193588547 0.16708245798319327
1 0.23788126361655773 0.15110731792717086 0.3336329251394975 0.1650446579036063
1 0.2417717086834734 0.33777573529411764 0.327166977902272 0.35046831232493
1 0.46395536082088157 0.3379887091338052 0.5837418300653595 0.350796568627451
1 0.48623750140433647 0.5167256488035051 0.5860760971055089 0.5292585784313726
1 0.24644024276377216 0.5172225140056023 0.3486125154477025 0.5308392315470172
1 0.24896903205726734 0.6948091736694678 0.3437013694366635 0.7062981442577031
1 0.47799872673482374 0.693566734074823 0.5868541861188921 0.70531337535014
1 0.48511904761904767 0.8693034531810703 0.5866596638655462 0.8806830050017986
1 0.24955259881730465 0.8713016456582633 0.35085945399393326 0.8825202224469159
