0 0.31036198857981034 0.11477487034417726 0.31074074074074076 0.19229166666666667 0.4481481481481481 0.19145833333333334 0.44722222222222224 0.11458333333333333 0.31010005762481013 0.11462753418198961
0 0.3092517160745267 0.3062415139171758 0.3092517160745267 0.38081296673455534 0.33678434034849514 0.38081296673455534 0.4414460285132383 0.38123727087576376 0.4420117673681828 0.3062415139171758
0 0.3381481481481481 0.4890625 0.3396296296296296 0.5630208333333333 0.47018518518518515 0.5620833333333334 0.4690740740740741 0.4875
0 0.338013838013838 0.6694139194139195 0.3386243386243386 0.7427884615384615 0.4693540782649694 0.7422795851013672 0.4674074074074074 0.6689583333333333
0 0.3518518518518518 0.8423958333333333 0.35222222222222216 0.9164583333333333 0.48277777777777775 0.9147916666666667 0.4822222222222221 0.8410416666666667
1 0.21528105191471528 0.15205091937765203 0.30800460998480805 0.16516383781235264
1 0.4499711875949499 0.15352428099952853 0.5615537744250615 0.1669318717586044
1 0.2218293257897218 0.33784181989627526 0.306956886164807 0.35080740216878825
1 0.4442087065849442 0.33960985384252707 0.5633872911100634 0.35110207449316355
1 0.2349258735397349 0.5183286185761433 0.33681701503483685 0.5302628477133428
1 0.4711875949499712 0.5178866100895803 0.5728168054900727 0.5292314945780292
1 0.2406883545497407 0.6948373408769448 0.24042642359474042 0.7072135785007071 0.3357692912148358 0.7058875530410184 0.33524542930483525 0.6942479962281942
1 0.4696160092199696 0.6932166430928807 0.578055424590078 0.6926272984441301 0.5777934936350778 0.7052982083922676 0.4714495259049714 0.7054455445544553 0.4696160092199696 0.7054455445544553
1 0.24959400701974963 0.8703147100424328 0.3501754937398502 0.8701673738802451 0.35043742469485045 0.8822489391796321 0.2498559379747499 0.8829856199905703
1 0.48480800460998474 0.8678099952852427 0.5851275603750851 0.8675153229608675 0.5856514222850857 0.8800388967468175 0.48480800460998474 0.8803335690711928
