0 0.359603789836348 0.11474987887596902 0.36226491288796586 0.1922702492211838 0.49795434969853575 0.19166363856589147 0.49633936261843237 0.11505268895348839
0 0.3536821705426357 0.30612584786821706 0.35610465116279066 0.3804657218992248 0.48907192075796724 0.3801629118217055 0.48572170301142265 0.3068211318795431
0 0.3778412368755048 0.48886941848390447 0.3775527864312911 0.562532450674974 0.509951540325372 0.562532450674974 0.5102399907695858 0.4890316718587746
0 0.3717837775470174 0.6688084112149533 0.3729375793238721 0.7423091900311526 0.503605630552671 0.741822429906542 0.503605630552671 0.669457424714434
0 0.3781296873197185 0.8424195223260643 0.3798603899850006 0.9155957943925234 0.509951540325372 0.914460020768432 0.5089900947459086 0.8410398498062015
1 0.2656705346261855 0.15259895088221268 0.3589254490542043 0.16586194563662374
1 0.4984926787252369 0.15290394864341084 0.6114025327186986 0.16690510252742013
1 0.4888027562446167 0.337920906007752 0.6108726752503576 0.35109680495946594
1 0.26778996449954956 0.3379828326180257 0.352874677002584 0.35003330910852715
1 0.2736183966513007 0.5174058178350023 0.37561595930694636 0.5294766332856462
1 0.5116817398794142 0.5170330668604651 0.6121973189212102 0.5294766332856462
1 0.27626768399300583 0.6938483547925608 0.27573782652466483 0.7072603719599428 0.3695628768303187 0.7070463905038761 0.36929371231696806 0.6940255571705427
1 0.5054909560723514 0.6932685319767442 0.6116674614528692 0.6931032427277062 0.6119323901870397 0.7056211254172627 0.5052217915590008 0.7061379602713178
1 0.2775923276638584 0.8695457796852646 0.3757536606373816 0.870109617248062 0.37683031869078376 0.8814649951550388 0.2786520426005404 0.8813185503099665
1 0.5119509043927648 0.8688983769379846 0.6136950904392765 0.8687469718992247 0.6140518200604037 0.8798283261802574 0.512489233419466 0.8801023498062015
