0 0.33944444444444444 0.1153125 0.3429629629629629 0.19124999999999998 0.4768518518518518 0.19145833333333334 0.47592592592592586 0.11468749999999998
0 0.3320479862896315 0.3059259854327335 0.3334761496715224 0.3806367823479006 0.46777777777777774 0.3802083333333333 0.4672474531086356 0.30619376606683807
0 0.35585070932114626 0.48895404884318766 0.3574074074074074 0.5626041666666667 0.48870370370370364 0.5629166666666666 0.4885185185185185 0.48947916666666663
0 0.35018518518518515 0.6692708333333333 0.35037608302389794 0.7424084190231361 0.4817671141578596 0.7424084190231361 0.4796248690850233 0.6693043059125964
0 0.35585070932114626 0.8425583761782347 0.35777777777777775 0.91625 0.4881938493763686 0.9144574764353042 0.48796296296296293 0.8412499999999999
1 0.47851851851851845 0.15333333333333332 0.5908571195230511 0.1673327820654171
1 0.24314998570786883 0.15217291436971697 0.3396296296296296 0.16572916666666665
1 0.24621258524235373 0.33742190371187064 0.3307407407407407 0.350625
1 0.4683333333333333 0.338125 0.5884070398954632 0.35097390665196615
1 0.4896296296296296 0.5163541666666667 0.5916738127322471 0.5293320470415288
1 0.2535628241251174 0.5172730613744946 0.3542592592592593 0.5307291666666666
1 0.25274613091592146 0.6948272693862549 0.3472222222222222 0.7065624999999999
1 0.48259259259259263 0.6933333333333334 0.5894279064069582 0.7055080852627709
1 0.4901851851851851 0.8680208333333332 0.5907407407407407 0.8802083333333333
1 0.2556045571481073 0.8707736126424109 0.3549999999999999 0.8825
