0 0.3744444444444444 0.11499999999999999 0.37555555555555553 0.19145833333333334 0.5122222222222222 0.1917708333333333 0.5111111111111111 0.11489583333333334
0 0.3659259259259259 0.30645833333333333 0.36814814814814817 0.38 0.5011111111111112 0.3807291666666667 0.4992592592592593 0.3061458333333333
0 0.3907407407407407 0.488125 0.39037037037037037 0.5625 0.521111111111111 0.5626041666666667 0.522037037037037 0.4877083333333333
0 0.382037037037037 0.6692708333333333 0.38259259259259254 0.7419791666666666 0.5133333333333333 0.7420833333333332 0.5137037037037037 0.6692708333333333
0 0.3894444444444444 0.8421875 0.38999999999999996 0.9154166666666665 0.5216666666666666 0.9151041666666666 0.5212962962962963 0.8404166666666665
1 0.2796296296296296 0.15197916666666667 0.3725925925925926 0.16624999999999998
1 0.5142592592592592 0.15375 0.6244444444444444 0.1671875
1 0.5012962962962962 0.3380208333333333 0.6222222222222222 0.35104166666666664
1 0.2801851851851852 0.3380208333333333 0.36537037037037035 0.3511458333333334
1 0.2859259259259259 0.5173958333333333 0.2861111111111111 0.5302083333333333 0.38711713023639627 0.53037625600699 0.3873598369011213 0.5169970511140236
1 0.5237609824765789 0.5165874836173001 0.6233333333333333 0.51625 0.624074074074074 0.5297916666666667 0.5237037037037037 0.5293749999999999
1 0.515925925925926 0.6934375 0.6224074074074074 0.6924999999999999 0.6225925925925926 0.7057291666666666 0.5155555555555554 0.705625
1 0.285 0.6941666666666666 0.28537037037037033 0.7066666666666667 0.38037037037037036 0.7066666666666667 0.38037037037037036 0.6940624999999999
1 0.5218518518518519 0.8678125 0.6235185185185185 0.8678125 0.6238888888888888 0.8799999999999999 0.5231481481481481 0.8797916666666665
1 0.28888888888888886 0.8697916666666666 0.28888888888888886 0.8821874999999999 0.38722222222222213 0.88125 0.3874074074074073 0.8699999999999999
