0 0.2953011422637591 0.11424260124610593 0.2989788854274835 0.19102901090342678 0.43527172031844924 0.1907856308411215 0.43332467982000683 0.11448598130841123
0 0.29227241259951536 0.306756230529595 0.2927050882658359 0.3808654595015576 0.4270508826583592 0.38110883956386293 0.4264018691588785 0.30639116043613707
0 0.3175839390792662 0.4892912772585669 0.3178002769124264 0.5620619158878505 0.4501990308065074 0.5624269859813084 0.4495500173070266 0.4888045171339563
0 0.3126081689165801 0.669392523364486 0.3134735202492211 0.7426499221183801 0.4434925579785392 0.7426499221183801 0.4445742471443405 0.6700009735202492
0 0.3247230875735548 0.8407320872274143 0.32407407407407407 0.9163015965732086 0.45452578746971267 0.9155714563862928 0.4547421253028729 0.8396368769470405
1 0.2007615091727241 0.15160144080996885 0.2961664935964001 0.16535241433021808
1 0.43592073381793006 0.1539135514018692 0.5492817583939078 0.16644762461059187
1 0.2048719280027691 0.33778718847352024 0.29075804776739356 0.3500778816199377
1 0.42813257182416053 0.3380305685358255 0.546902042229145 0.3504429517133956
1 0.21374177916233988 0.5176450545171339 0.3160695742471443 0.530057437694704
1 0.45236240913811 0.5170366043613707 0.5529595015576323 0.5293272975077882
1 0.2165541709934233 0.6944606697819314 0.31066112841813776 0.7058995327102804
1 0.4469539633091034 0.6944606697819314 0.5527431637244721 0.7052910825545171
1 0.2208809276566286 0.8706678348909657 0.22152994115610936 0.8834452881619936 0.32191069574247144 0.8828368380062305 0.32169435790931117 0.8701810747663551
1 0.4569055036344756 0.8690858644859812 0.5575025960539978 0.8687207943925234 0.5577189338871581 0.8805247274143302 0.4569055036344756 0.8806464174454828
