0 0.35128174884013524 0.11489295824486907 0.35364079578516944 0.19229918612880398 0.4918416293150901 0.19185686482661005 0.48981481481481476 0.11499999999999999
0 0.3436148462687741 0.30741330502476993 0.34538413147754976 0.3801751592356688 0.47945663285366047 0.3805069002123142 0.47886687111740195 0.30663924274593063
0 0.3689746009278918 0.4884332979476291 0.3685814264370527 0.5626326963906582 0.4999017063772903 0.5628538570417552 0.5004914681135488 0.48810155697098373
0 0.36052134937485253 0.6694532908704883 0.3609145238656915 0.7422151450813871 0.49144845482425104 0.7417728237791932 0.49144845482425104 0.6695638711960368
0 0.3693677754187308 0.842732661004954 0.3695643626641503 0.916268577494692 0.5016709915860659 0.9151627742392072 0.5002948808681293 0.8402998938428874 0.371726822363765 0.8417374380750177
1 0.2577376976174571 0.15196017034068143 0.35018518518518515 0.16531249999999997
1 0.49351851851851847 0.15354166666666666 0.6036146366807689 0.16719898129592523
1 0.4816666666666667 0.3380208333333333 0.6023157425963036 0.3508997160988644
1 0.2590365917019223 0.337748413493654 0.34259259259259256 0.35
1 0.2660877310175907 0.5179003841015364 0.3664814814814815 0.5294791666666667
1 0.5028575669858234 0.5162303774215097 0.6034290803829881 0.5293816800267201
1 0.4938888888888888 0.6927083333333333 0.6017590737029613 0.7054630093520374
1 0.263675499146441 0.6945035905143621 0.35888888888888887 0.7063541666666666
1 0.2668299562087137 0.8712111723446894 0.36721591330809766 0.8813355878423513
1 0.5019297854969197 0.8686017869071476 0.6039857492763304 0.8793524549098196
