0 0.3355555555555555 0.11499999999999999 0.33629315312483626 0.19124233851956624 0.47407407407407404 0.19124999999999998 0.47185185185185186 0.11499999999999999
0 0.3290673901077298 0.3067498230714791 0.3296571518439883 0.38083864118895966 0.462943304238421 0.38083864118895966 0.462943304238421 0.3067498230714791
0 0.35344420853974995 0.48920736022646844 0.3532476212943304 0.5623009554140127 0.4849610757254069 0.5625221160651097 0.4851576629708265 0.48909677990092
0 0.34538413147754976 0.6693427105449399 0.3447943697412912 0.7424363057324841 0.47552488794527015 0.7419939844302901 0.47611111111111115 0.7409374999999999 0.47481481481481475 0.6697916666666666
0 0.355016906503106 0.8417374380750177 0.35462373201226705 0.9163791578202407 0.485354250216246 0.914831033262562 0.4851576629708265 0.8405210544939845
1 0.47518518518518515 0.15364583333333331 0.5857407407407408 0.1675
1 0.23962962962962964 0.1515625 0.3333333333333333 0.16583333333333333
1 0.24333333333333332 0.33760416666666665 0.3274074074074074 0.35041666666666665
1 0.46481481481481474 0.3375 0.5838888888888889 0.35104166666666664
1 0.48740740740740734 0.5176041666666666 0.5879629629629629 0.5305208333333333
1 0.24814814814814815 0.5175 0.3511111111111111 0.5303125
1 0.2487037037037037 0.6947916666666666 0.34277777777777774 0.7057291666666666
1 0.4777777777777778 0.69375 0.5855555555555555 0.7052083333333333
1 0.4872222222222222 0.8683333333333334 0.5892592592592593 0.8798958333333333
1 0.2514814814814815 0.8705208333333333 0.35222222222222216 0.8814583333333333
