0 0.3472019168291098 0.11478892543859646 0.34801413255360625 0.1908580043859649 0.4850755360623781 0.19028691520467833 0.48304499675113693 0.11501736111111109
0 0.34171946068875897 0.30644645467836257 0.34185185185185185 0.3804166666666666 0.475 0.3805208333333333 0.4742592592592593 0.30604166666666666
0 0.36296296296296293 0.48916666666666664 0.3635185185185185 0.5628124999999999 0.49574074074074065 0.5622916666666666 0.4936038011695906 0.4890807748538011
0 0.35703703703703704 0.6686458333333333 0.3587037037037037 0.7420833333333332 0.49 0.74125 0.4896296296296296 0.6689583333333333
0 0.36499999999999994 0.8421875 0.3659259259259259 0.915625 0.4953703703703703 0.9145833333333332 0.49522823261858345 0.841328581871345
1 0.25169820475497334 0.15190593158660842 0.3453744314489928 0.165844298245614
1 0.4873091293047433 0.15339455409356723 0.5969998382662138 0.16668941048034933
1 0.47634421702404145 0.3381990131578947 0.5967976710334789 0.35114173944687044
1 0.2551350477114669 0.3376091703056769 0.33948586744639375 0.35087719298245607
1 0.2591783923661653 0.5173990174672489 0.36127284489729905 0.5296806768558951
1 0.49766487979207263 0.5166072733918128 0.596595503800744 0.5291120815138283
1 0.4917763157894735 0.6926169590643274 0.5986171761280932 0.7052629184861718
1 0.2605935629953097 0.6930949781659388 0.35552712800519815 0.7063230994152045
1 0.26362607148633344 0.8709516011644833 0.36364928525016244 0.8817616959064326
1 0.497331392527899 0.8684497816593886 0.599021510593563 0.8802765647743813
