0 0.3756858710562414 0.1150977366255144 0.37816262764822434 0.1929012345679012 0.5112962962962962 0.19197916666666667 0.5114814814814814 0.11489583333333334
0 0.3651851851851851 0.30718749999999995 0.36722222222222217 0.3804166666666666 0.5003703703703704 0.3809375 0.49981481481481477 0.30666666666666664
0 0.38481481481481483 0.4885416666666666 0.3855555555555555 0.5627083333333334 0.5151851851851851 0.5626041666666667 0.5151851851851851 0.4882291666666666
0 0.37407407407407406 0.6686458333333333 0.3748148148148148 0.7423958333333334 0.5038888888888889 0.7420833333333332 0.5048148148148148 0.66875
0 0.3775925925925926 0.8417708333333334 0.3775925925925926 0.9155208333333332 0.5059259259259259 0.9149999999999998 0.5068518518518518 0.8407291666666665
1 0.2818518518518518 0.15281249999999996 0.3751851851851852 0.16645833333333332
1 0.5133333333333333 0.1540625 0.6231710105166895 0.16771690672153633
1 0.28156912056089006 0.338005829903978 0.36425468678555095 0.35075874485596703
1 0.5021909769852156 0.3383273319615912 0.6208847736625513 0.3510802469135802
1 0.5160989178478891 0.5166538065843621 0.6174554183813443 0.5297282235939643
1 0.2823311995122695 0.5175111454046639 0.3829256210943453 0.5299425582990397
1 0.2789018442310623 0.6939086076817558 0.37263755525072395 0.7056970164609052
1 0.5067634506934918 0.6935871056241425 0.6134545038866026 0.7054826817558297
1 0.5136221612559061 0.8680555555555554 0.6104061880810852 0.8680555555555554 0.61059670781893 0.8802726337448558 0.5083333333333333 0.8793749999999999 0.5085185185185185 0.8685416666666665 0.5092592592592592 0.8682291666666666
1 0.2754724889498552 0.8700917352537723 0.2754724889498552 0.8825231481481481 0.37537037037037035 0.8815624999999999 0.37555555555555553 0.8696874999999998
