0 0.2937256022088927 0.11446283204798628 0.29498349047221223 0.14498299319727892 0.29617695031228863 0.19219924812030076 0.43558983147672087 0.19131587403598974 0.4336856136341998 0.11459672236503855
0 0.29110730267542606 0.30659543701799485 0.2927734932876321 0.3810384532990574 0.42892506902789673 0.38077067266495285 0.42725887841569077 0.3072648886032562
0 0.321574788155765 0.48908793916023996 0.32205084261639527 0.5627276135389889 0.45487003713224794 0.5628615038560412 0.4555841188231933 0.4897573907455013
0 0.3201466247738741 0.67010764781491 0.32062267923450444 0.7426761996572407 0.45192345944225637 0.7420112781954886 0.450531089628834 0.6701799140708915
0 0.338146954688308 0.8427094522019335 0.3375502247682698 0.9166666666666666 0.4651052080357993 0.9151269280205655 0.466443887496519 0.8420381310418904
1 0.19963540971944332 0.15167316926770708 0.29300609132541905 0.16567877150860344
1 0.4370052114413016 0.1538220551378446 0.5488862211551286 0.16705432172869145
1 0.430172068827531 0.33824779911964786 0.550220088035214 0.35125300120048025
1 0.20652705526655105 0.33832019649965256 0.2900107411385606 0.35085481561045473
1 0.2174203014539149 0.5178196278511404 0.3203503623671691 0.5299494797919169
1 0.4568494064292384 0.5173194277711085 0.5568894224356409 0.5295743297318928
1 0.22253345782757547 0.695640756302521 0.3179049397536792 0.7065201080432173
1 0.4528478057889822 0.693765006002401 0.5613356453692588 0.7057698079231692
1 0.23320439286825842 0.8708358343337335 0.23342670401493926 0.8833408363345339 0.3355611250348092 0.882876834944504 0.33536221506146313 0.8707930540637306
1 0.46952114179004933 0.8677095838335334 0.5688942243564091 0.8672093837535014 0.56911653550309 0.8799644857943176 0.46952114179004933 0.8805897358943577
