0 0.3091182945197544 0.11437695516162669 0.3104700111999383 0.19171445950643032 0.44795890781292247 0.1909541188738269 0.4466071911327386 0.11448557525199861
0 0.3031321206503688 0.3066345151199166 0.30390453018190244 0.38027893639207505 0.438689993434519 0.3806047966631908 0.43695207198856834 0.3062000347584289
0 0.32765612327656124 0.4895507473062217 0.32881473757386165 0.5624348279457768 0.46031746031746035 0.5625434480361488 0.4601243579345769 0.48824730622175877 0.3286216351909783 0.48857316649287447
0 0.32186305179005914 0.669751477233229 0.3216699494071757 0.7420924574209246 0.4518209554705905 0.7423096976016683 0.45162785308770714 0.6693169968717414
0 0.3309388637855792 0.8424574209245741 0.3324836828486464 0.9161018421967327 0.462055381763411 0.9158846020159889 0.46244158652917783 0.8410453597497393
1 0.21525391370752195 0.15179338487972505 0.30736922489499807 0.1652169243986254
1 0.44907407407407407 0.15322916666666667 0.5600897289041618 0.16682774914089343
1 0.2183562428407789 0.3381121134020618 0.30140320733104237 0.3497905927835051
1 0.4388602520045819 0.33797787800687284 0.559135166093929 0.3505960051546392
1 0.22456090110729285 0.5181217783505154 0.3269377625047728 0.5299344931271477
1 0.46200840015273 0.5179875429553265 0.5643852615502101 0.5296660223367697
1 0.22456090110729285 0.6950440292096218 0.2247995418098511 0.7076621563573882 0.3194444444444444 0.7073958333333333 0.3194444444444444 0.6956249999999999
1 0.454074074074074 0.6945833333333333 0.5625925925925925 0.6942708333333333 0.5629629629629629 0.7052083333333333 0.45444444444444443 0.7053125
1 0.231004200076365 0.8711608676975944 0.329074074074074 0.8705208333333333 0.329074074074074 0.8822916666666666 0.23124284077892326 0.8828393470790378
1 0.46487208858342877 0.8688788659793814 0.5665330278732341 0.8687446305841924 0.5662943871706758 0.8794834621993125 0.4646296296296296 0.8797916666666665
