0 0.32685185185185184 0.11458333333333333 0.32888888888888884 0.19197916666666667 0.46685185185185185 0.19166666666666665 0.4651851851851851 0.1140625
0 0.3214814814814814 0.3059375 0.3227777777777778 0.3805208333333333 0.457037037037037 0.3807291666666667 0.45370370370370366 0.30666666666666664
0 0.3448148148148148 0.4889583333333333 0.34500000000000003 0.5625 0.4768518518518518 0.5629166666666666 0.4770370370370371 0.489375
0 0.33870370370370373 0.6693749999999999 0.33944444444444444 0.7424999999999999 0.46944444444444444 0.7418750000000001 0.4687037037037037 0.6690624999999999
0 0.3448148148148148 0.8428125 0.3457407407407407 0.9160416666666666 0.47870370370370363 0.9159374999999998 0.47592592592592586 0.8417708333333334
1 0.23389394357136292 0.15221774193548385 0.32579726128113223 0.1647539288668321
1 0.46824740373127466 0.15363937138130687 0.5778421101001746 0.16708023159636065
1 0.4583677970774744 0.33780500413564923 0.5789909015715466 0.3504704301075269
1 0.23458321845418617 0.33832196029776673 0.3200533039242716 0.34995347394540943
1 0.24009741751677233 0.5178349875930521 0.3434886499402628 0.5297249793217536
1 0.4781270103850748 0.5165425971877584 0.5794504181600955 0.5294665012406947
1 0.47261281132248867 0.6928246484698097 0.5785313849829978 0.7056193134822167
1 0.24216524216524218 0.6948924731182796 0.3365959011120301 0.7054900744416874
1 0.24124620898814444 0.8703990901571548 0.24262475875379097 0.882676799007444 0.3432588916459884 0.8822890818858561 0.3434886499402628 0.8697528949545077
1 0.4795055601507214 0.8692359387923905 0.5810587262200164 0.8689774607113316 0.5810587262200164 0.8689774607113316 0.57968017645437 0.8802212572373863 0.4797353184449959 0.8799627791563275
