0 0.32414173045697053 0.05463856993736952 0.32530155416376716 0.13765657620041755 0.46535026675945257 0.13798277661795405 0.4656402226861517 0.05333376826722338
0 0.3186325678496869 0.2526422233820459 0.32269195082347485 0.3268528183716075 0.45607167710508 0.3276683194154488 0.4543319415448852 0.2515005219206681
0 0.34733820459290193 0.4372716597077244 0.3508176757132916 0.5101774530271399 0.4792681512410114 0.5106667536534447 0.4786882393876131 0.4361299582463466
0 0.34298886569241477 0.6171711899791232 0.34675829273950365 0.6886090814196242 0.47404894456042684 0.6886090814196242 0.4720192530735329 0.615213987473904
0 0.3563268383205753 0.7869585073068894 0.35864648573416846 0.856928496868476 0.48390744606819763 0.8567653966597077 0.4818777545813037 0.7846751043841336
1 0.4691060179600589 0.09552171290711703 0.5790129900255161 0.10878783924843424
1 0.22671653908605896 0.09394572025052192 0.32182208304337745 0.10634133611691024
1 0.45839132451867315 0.2852622651356994 0.5793029459522152 0.2976578810020877
1 0.23367548132683835 0.2855884655532359 0.31689283228949205 0.29716858037578286
1 0.24237415912781263 0.4661403966597077 0.3453085131060079 0.4782098121085595
1 0.48303757828810023 0.4643462943632568 0.582782417072605 0.47804671189979125
1 0.24614358617490145 0.6408207202505218 0.3415390860589191 0.6527270354906054
1 0.4775284156808165 0.6401683194154488 0.5816225933658085 0.651259133611691
1 0.2519427047088843 0.813543841336117 0.353717234980283 0.824634655532359
1 0.4862270934817908 0.8115866388308977 0.5830723729993041 0.8213726513569938
