0 0.3101661332114007 0.054612482853223634 0.3135954884926078 0.13541666666666669 0.45267489711934156 0.13477366255144035 0.4492455418381345 0.05439814814814818
0 0.309785093735711 0.2537294238683128 0.31130925163846973 0.3270318930041153 0.4458161865569273 0.3266032235939644 0.44467306812985824 0.2518004115226338
0 0.33493369913123 0.4382716049382716 0.3353147386069197 0.5102880658436214 0.4667733577198597 0.5107167352537723 0.4675231977159172 0.43709850107066384
0 0.33226642280140223 0.6178840877914953 0.33417162017985064 0.6888288751714677 0.4629629629629629 0.6888288751714677 0.46258192348727334 0.6157407407407407
0 0.34255448864502364 0.7857081618655692 0.34560280445054103 0.8577246227709192 0.4705837524767566 0.8564386145404665 0.47172687090382565 0.7839934842249657
1 0.4556269331429931 0.09548982869379018 0.5681298582533151 0.10905349794238688
1 0.21414418533760096 0.09490740740740744 0.30864197530864196 0.10712448559670787
1 0.4490839876278849 0.28503078158458245 0.5674518201284797 0.2972430406852249
1 0.22024081694863587 0.284593621399177 0.3074988568815729 0.29638203017832654
1 0.4710920770877945 0.4653707173447537 0.5711781740588324 0.4779235253772291
1 0.23129096174363667 0.46656378600823045 0.3326474622770919 0.4785665294924554
1 0.46692838448727103 0.640524625267666 0.57131810611468 0.6520677194860813
1 0.2366255144032922 0.6414609053497943 0.33041874851296693 0.6537406316916489
1 0.47553726566072246 0.809070644718793 0.5734644109129706 0.8227880658436215
1 0.24272214601432707 0.8137860082304528 0.33988721231519586 0.8247170781893004
