0 0.30268199233716475 0.05459770114942528 0.30332056194125157 0.13990660919540227 0.44508301404853123 0.14026580459770113 0.4447637292464878 0.054418103448275856
0 0.3010855683269476 0.2526939655172414 0.3020434227330779 0.3261494252873563 0.4390166028097062 0.3270474137931034 0.4374201787994891 0.25143678160919536
0 0.32694763729246484 0.43839798850574707 0.3291826309067688 0.5102370689655171 0.46008939974457214 0.5104166666666666 0.4578544061302682 0.4366020114942528
0 0.3243933588761175 0.6176364942528735 0.32535121328224775 0.6889367816091954 0.4546615581098339 0.6885775862068965 0.45306513409961674 0.6167385057471264
0 0.3320561941251596 0.7875359195402297 0.33397190293742013 0.8573994252873562 0.4626436781609195 0.8566810344827586 0.4629629629629629 0.7853807471264367
1 0.44699872286079173 0.09554597701149424 0.5584291187739463 0.11009339080459768
1 0.20913154533844186 0.09339080459770113 0.3017241379310344 0.10686063218390802
1 0.4422094508301404 0.28322557471264365 0.5593869731800766 0.29777298850574707
1 0.21328224776500634 0.2844827586206896 0.29789272030651337 0.2965158045977011
1 0.4626436781609195 0.4656968390804598 0.5628991060025542 0.4771910919540229
1 0.22349936143039587 0.4656968390804598 0.3247126436781609 0.47844827586206895
1 0.4575351213282247 0.6386494252873562 0.5613026819923371 0.6514008620689655
1 0.2292464878671775 0.6420617816091954 0.32120051085568324 0.6542744252873562
1 0.233397190293742 0.8128591954022987 0.23435504469987226 0.8261494252873562 0.3282247765006385 0.8263290229885056 0.32758620689655166 0.8135775862068965
1 0.46647509578544055 0.8112428160919538 0.5638569604086845 0.8108836206896551 0.5641762452107278 0.8218390804597699 0.46647509578544055 0.8225574712643677
