0 0.30416666666666664 0.05546875 0.31 0.138125 0.44630318050392404 0.1385339219330855 0.4455555555555556 0.05515625
0 0.30388888888888893 0.253125 0.3086111111111111 0.32765625 0.4419444444444444 0.3278125 0.43972222222222224 0.25234375
0 0.3302777777777778 0.438125 0.3327777777777778 0.5109375 0.46472222222222226 0.5103125000000001 0.46444444444444444 0.43609375000000006
0 0.32972222222222225 0.61828125 0.3313888888888889 0.688125 0.46027777777777773 0.68796875 0.45555555555555555 0.615
0 0.3413888888888889 0.786875 0.3413888888888889 0.85671875 0.46944444444444444 0.8556250000000001 0.4683333333333333 0.785625
1 0.20944444444444446 0.09328125000000001 0.3047222222222222 0.10718749999999999
1 0.44972222222222225 0.09546875 0.5619444444444445 0.10953125
1 0.44499999999999995 0.28484375 0.5625 0.2975
1 0.21611111111111111 0.28531249999999997 0.3036111111111111 0.296875
1 0.4686111111111111 0.46421875 0.5658333333333333 0.47671875
1 0.22666666666666666 0.465625 0.3275 0.47828125000000005
1 0.4633333333333334 0.64015625 0.5677777777777778 0.65140625
1 0.2336111111111111 0.6421875 0.3269444444444444 0.653125
1 0.47138888888888886 0.8114062499999999 0.5702777777777778 0.8214062500000001
1 0.23861111111111113 0.8145312499999999 0.33861111111111114 0.82390625
