0 0.29183708248125423 0.05461560582822087 0.29439331970006816 0.13753355061349695 0.4311520109066121 0.13801284509202455 0.4320040899795501 0.05389666411042946
0 0.2948193592365371 0.2540021088957055 0.297375596455351 0.3275738113496932 0.43195521102497847 0.3284883720930233 0.43066322136089574 0.2526647286821705
0 0.32080777096114516 0.4380511886503068 0.32592024539877296 0.5104246549079755 0.45458418541240625 0.5111435966257669 0.4511758691206544 0.4356547162576687
0 0.32080777096114516 0.6175469708588956 0.32379004771642805 0.6884825536809815 0.4524539877300613 0.6889618481595091 0.45047372954349696 0.6153100775193798
0 0.3331629175187457 0.7876965107361963 0.33699727334696655 0.8569545628834355 0.4656612133605998 0.8569545628834355 0.46267893660531695 0.7853000383435582
1 0.43496985357450474 0.09447674418604651 0.5490956072351421 0.11046511627906977
1 0.19595176571920758 0.09447674418604651 0.29112833763996554 0.10804263565891473
1 0.4345391903531438 0.28439922480620156 0.5508182601205857 0.29869186046511625
1 0.2058570198105082 0.28439922480620156 0.29328165374677 0.29844961240310075
1 0.4573643410852713 0.46390503875968986 0.5568475452196383 0.4784399224806202
1 0.21791559000861327 0.46535852713178294 0.31912144702842377 0.4781976744186046
1 0.4556416881998277 0.6375968992248062 0.5633074935400516 0.6528585271317829
1 0.2256675279931094 0.6417151162790697 0.31912144702842377 0.6528585271317829
1 0.23471145564168822 0.8137112403100775 0.33204134366925064 0.8248546511627908
1 0.4681309216192937 0.810077519379845 0.5658914728682171 0.8226744186046512
