0 0.3352931152010906 0.05533454754601228 0.3374233128834355 0.13705425613496933 0.4775903203817314 0.13729390337423314 0.47502153316106804 0.0562015503875969
0 0.3301806407634628 0.2535228144171779 0.3335889570552147 0.3282927530674847 0.4694955691888207 0.32781345858895705 0.46779141104294475 0.2518452837423313
0 0.35318677573278795 0.4363736579754601 0.3553169734151329 0.5116228911042945 0.48866734832992503 0.5113832438650306 0.4852590320381731 0.4361340107361963
0 0.3446659850034083 0.6180262653374233 0.3467961826857532 0.689201495398773 0.47801635991820035 0.6872843174846626 0.4728682170542636 0.6145833333333333
0 0.3502044989775051 0.7872172162576687 0.353612815269257 0.8576735046012269 0.4801465576005453 0.8557563266871165 0.4784423994546693 0.784341449386503
1 0.2419904567143831 0.09415740030674848 0.3340149965916837 0.10781729294478529
1 0.4805725971370143 0.09487634202453989 0.5930470347648261 0.10973447085889572
1 0.24497273346966597 0.28515625 0.3284764826175869 0.297378259202454
1 0.47162576687116564 0.2834787193251534 0.5892126789366052 0.297378259202454
1 0.24838104976141784 0.46513132668711654 0.3506305385139741 0.4773533358895706
1 0.4905254091300603 0.4636627906976744 0.5875085207907293 0.4773533358895706
1 0.2496591683708248 0.6417513420245399 0.3425357873210634 0.6522958205521472
1 0.4784423994546693 0.6386359279141104 0.5866564417177914 0.651337231595092
1 0.2496591683708248 0.8142973542944786 0.34807430129516015 0.824602185582822
1 0.4827027948193592 0.8109422929447853 0.5815439672801636 0.8214867714723926
