0 0.27266922094508295 0.05459770114942528 0.2739463601532567 0.138110632183908 0.4121966794380587 0.1372126436781609 0.41187739463601525 0.053699712643678156
0 0.2723499361430396 0.25359195402298845 0.2733077905491698 0.32650862068965514 0.40485312899106 0.3272270114942528 0.40485312899106 0.2528735632183908
0 0.29821200510855683 0.43732040229885055 0.3007662835249042 0.5107758620689655 0.43295019157088116 0.5098778735632183 0.4316730523627074 0.43678160919540227
0 0.29342273307790545 0.6165589080459769 0.2972541507024265 0.6898347701149424 0.42624521072796934 0.6887571839080459 0.42432950191570873 0.6163793103448275
0 0.30491698595146866 0.7878951149425286 0.3068326947637292 0.8584770114942527 0.4351851851851852 0.8568606321839078 0.43263090676883775 0.7844827586206896
1 0.4151104886399004 0.09471288515406166 0.5302676626206038 0.11003151260504204
1 0.1758481170245876 0.09296218487394961 0.26999688764394647 0.10740546218487397
1 0.40732959850606903 0.2853203781512605 0.5279333955804544 0.2971376050420168
1 0.18168378462496107 0.2846638655462185 0.26999688764394647 0.2966999299719888
1 0.4337846249610955 0.4654236694677872 0.5322128851540615 0.47702205882352944
1 0.19218798630563336 0.4665178571428572 0.2952847805788982 0.4785539215686275
1 0.4291160908807967 0.6402748599439776 0.5364923747276689 0.6516544117647058
1 0.20191409897292248 0.6415878851540617 0.2917833800186741 0.65296743697479
1 0.20580454403983817 0.8146883753501399 0.30189853719265486 0.8254114145658262
1 0.43611889200124493 0.8111869747899159 0.5384375972611266 0.8221288515406162
