0 0.31926863572433195 0.054390822784810125 0.3217299578059072 0.13568037974683544 0.460970464135021 0.1350870253164557 0.4578059071729958 0.05399525316455696
0 0.31680731364275666 0.25375791139240506 0.3210267229254571 0.3269382911392405 0.45007032348804493 0.32713607594936706 0.44725738396624476 0.25257120253164556
0 0.340014064697609 0.4380933544303797 0.3431786216596343 0.5104825949367088 0.470815752461322 0.5096914556962024 0.469760900140647 0.4365110759493671
0 0.3340365682137834 0.6184731012658228 0.3379043600562588 0.688884493670886 0.46413502109704635 0.6880933544303798 0.4616736990154712 0.6159018987341771
0 0.3382559774964838 0.7871835443037974 0.3438818565400844 0.8577927215189873 0.4722222222222222 0.8568037974683543 0.47116736990154706 0.7842167721518987
1 0.4627777777777778 0.09546875 0.5777777777777777 0.10968750000000001
1 0.22388888888888886 0.09421874999999999 0.31777777777777777 0.10859375
1 0.45083333333333336 0.2846875 0.5738888888888889 0.2978125
1 0.2302777777777778 0.2846875 0.31555555555555553 0.2975
1 0.47388888888888886 0.4653125 0.5744444444444444 0.47781250000000003
1 0.23583333333333334 0.4653125 0.3377777777777778 0.47890625
1 0.4658333333333333 0.6392187500000001 0.5727777777777777 0.65140625
1 0.23861111111111113 0.6421875 0.3327777777777778 0.65328125
1 0.4744444444444445 0.80984375 0.5725 0.8228125000000001
1 0.2425 0.81421875 0.33694444444444444 0.825
