0 0.2529091591591592 0.05434438344594598 0.39742867867867865 0.13906777871621626
0 0.2543168168168168 0.25387985641891897 0.39414414414414417 0.32699007601351354
0 0.28622372372372373 0.4386349239864865 0.4208896396396396 0.5106894003378379
0 0.2857545045045045 0.6181112753378379 0.41525900900900903 0.6885821368243243
0 0.29571026722925453 0.7867879746835442 0.29817158931082977 0.8583860759493671 0.4251054852320675 0.8573971518987342 0.4258087201125175 0.7842167721518987
1 0.15964240102171137 0.09436576354679801 0.24904214559386975 0.10693760262725778
1 0.4018427294289363 0.09513546798029555 0.5131362889983581 0.10950328407224959
1 0.3977376391169494 0.2834564860426929 0.5122240467068053 0.2973111658456486
1 0.16785258164568512 0.284995894909688 0.2504105090311987 0.29910714285714285
1 0.18153621601897463 0.46587643678160917 0.28188286808976465 0.4779351395730706
1 0.42328042328042326 0.46459359605911327 0.5213464696223317 0.4787048440065681
1 0.41643860609377853 0.6395730706075533 0.5231709542054369 0.6516317733990148
1 0.1879219120598431 0.6426518883415435 0.28142674694398834 0.6539408866995073
1 0.19476372924648788 0.8145525451559935 0.2932858967341726 0.8263546798029557
1 0.4292099981755154 0.8114737274220033 0.5272760445174238 0.8232758620689656
