0 0.30063291139240506 0.05518196202531646 0.3013361462728551 0.13864715189873417 0.43987341772151894 0.13884493670886075 0.44057665260196904 0.055379746835443035
0 0.29957805907172996 0.25257120253164556 0.30028129395218 0.3269382911392405 0.4345991561181434 0.32654272151898733 0.43424753867791843 0.2529667721518987
0 0.3252461322081575 0.4384889240506329 0.32559774964838256 0.5104825949367088 0.4578059071729958 0.5110759493670887 0.45675105485232065 0.43670886075949367
0 0.31926863572433195 0.6176819620253164 0.320323488045007 0.6884889240506329 0.45007032348804493 0.6876977848101266 0.44760900140646975 0.6166930379746836
0 0.3273558368495077 0.7879746835443038 0.329817158931083 0.857990506329114 0.45710267229254564 0.8568037974683543 0.4553445850914205 0.7856012658227848
1 0.2042897327707454 0.09276107594936708 0.29781997187060477 0.10640822784810126
1 0.44268635724331923 0.09513449367088607 0.5548523206751054 0.10878164556962025
1 0.4370604781997187 0.2846123417721519 0.5534458509142053 0.2974683544303797
1 0.21061884669479605 0.28520569620253167 0.2974683544303797 0.2974683544303797
1 0.459915611814346 0.4643987341772152 0.5590717299578059 0.47765031645569617
1 0.21835443037974683 0.466376582278481 0.3217299578059072 0.4784414556962025
1 0.4518284106891702 0.6372626582278481 0.5566104078762306 0.6513053797468353
1 0.22257383966244726 0.6422072784810127 0.3178621659634318 0.6534810126582278
1 0.460618846694796 0.811115506329114 0.560126582278481 0.8227848101265822
1 0.22855133614627282 0.8148734177215189 0.3252461322081575 0.8253560126582278
