0 0.2966155810983397 0.054058908045977 0.3023627075351213 0.13541666666666666 0.43773946360153254 0.1364942528735632 0.435823754789272 0.05459770114942528
0 0.2966155810983397 0.25413074712643674 0.30012771392081733 0.3272270114942528 0.43295019157088116 0.3272270114942528 0.43103448275862066 0.2537715517241379
0 0.3291826309067688 0.43803879310344823 0.33173690932311617 0.5109554597701149 0.46232439335887604 0.5102370689655171 0.4607279693486589 0.4371408045977011
0 0.3301404853128991 0.6170977011494252 0.332375478927203 0.6885775862068965 0.458492975734355 0.6876795977011494 0.4572158365261813 0.6151221264367815
0 0.3419540229885057 0.7860991379310345 0.3448275862068965 0.857758620689655 0.4712643678160919 0.8568606321839078 0.47030651340996166 0.7843031609195401
1 0.43965517241379304 0.09464798850574711 0.5545977011494252 0.10883620689655171
1 0.20083014048531286 0.09392959770114942 0.2969348659003831 0.10757902298850572
1 0.43422733077905484 0.2850215517241379 0.5530012771392081 0.2984913793103448
1 0.21008939974457214 0.285919540229885 0.295338441890166 0.2966954022988505
1 0.22477650063856958 0.46659482758620685 0.32726692209450825 0.47880747126436773
1 0.4639208173690932 0.4644396551724137 0.5622605363984674 0.47755028735632177
1 0.233397190293742 0.6413433908045977 0.32758620689655166 0.653735632183908
1 0.46104725415070236 0.6397270114942528 0.5673690932311621 0.6522988505747126
1 0.24074074074074073 0.8142959770114941 0.3390804597701149 0.8256106321839078
1 0.4731800766283525 0.8112428160919538 0.5727969348659003 0.8225574712643677
