0 0.2458492975734355 0.05423850574712643 0.24999999999999997 0.138110632183908 0.3869731800766283 0.13829022988505746 0.3876117496807151 0.05352011494252873
0 0.2503192848020434 0.25359195402298845 0.2512771392081736 0.3277658045977011 0.38729246487867175 0.32740660919540227 0.38601532567049807 0.2523347701149425
0 0.2851213282247764 0.43839798850574707 0.2851213282247764 0.511853448275862 0.41985951468710087 0.5116738505747126 0.4185823754789272 0.43678160919540227
0 0.28831417624521066 0.6169181034482758 0.2902298850574712 0.6894755747126436 0.4201787994891443 0.6889367816091954 0.4185823754789272 0.617456896551724
0 0.3068326947637292 0.7860991379310345 0.3084291187739463 0.8582974137931034 0.43965517241379304 0.8566810344827586 0.4374201787994891 0.784662356321839
1 0.15166028097062578 0.09374999999999999 0.24489144316730518 0.10632183908045975
1 0.3908045977011494 0.09500718390804597 0.5028735632183907 0.10919540229885057
1 0.3895274584929757 0.284662356321839 0.5114942528735631 0.29831178160919536
1 0.16251596424010215 0.2850215517241379 0.24712643678160917 0.29885057471264365
1 0.17975734355044698 0.46731321839080453 0.28128991060025543 0.47988505747126425
1 0.4220945083014048 0.46551724137931033 0.5223499361430395 0.47790948275862066
1 0.19380587484035755 0.6422413793103448 0.28639846743295017 0.6540948275862069
1 0.42305236270753505 0.6408045977011494 0.5274584929757342 0.6522988505747126
1 0.2081736909323116 0.8144755747126435 0.30427841634738184 0.8252514367816091
1 0.4412515964240102 0.8116020114942527 0.5405491698595146 0.8227370689655171
