0 0.2708333333333333 0.054843750000000004 0.27444444444444444 0.138125 0.4133333333333334 0.138125 0.4111111111111111 0.054843750000000004
0 0.2697222222222222 0.253125 0.2713888888888889 0.32734375 0.4075 0.32875 0.4041666666666667 0.25171875
0 0.29694444444444446 0.43796875 0.2991666666666667 0.51078125 0.4294444444444444 0.5114062500000001 0.42777777777777776 0.43734375
0 0.295 0.618125 0.2972222222222222 0.6889062499999999 0.4266022198353026 0.6879363587540279 0.4236185702351116 0.6162728249194414
0 0.3055555555555556 0.7871875 0.3063888888888889 0.8579687500000001 0.43583333333333335 0.8571875 0.4338888888888889 0.7853125000000001
1 0.415562716314596 0.09532760472610095 0.528046306241795 0.10976100966702469
1 0.1753789234992243 0.09264232008592911 0.26996061582527753 0.10657223415682063
1 0.408998687194176 0.28480800214822766 0.528344671201814 0.2980665950590763
1 0.1816445876596253 0.28497583243823843 0.26697696622508654 0.2984022556390977
1 0.19417591598042733 0.4665682062298603 0.29442654254684336 0.47848415682062295
1 0.43256951903568447 0.4652255639097744 0.5316266857620241 0.4781484962406015
1 0.42898913951545536 0.6384264232008593 0.5334168755221387 0.6511815252416755
1 0.19865139038071375 0.6419508592910848 0.29233798782670967 0.6538668098818474
1 0.20342522974101926 0.8148160580021482 0.3024823964673589 0.8263963480128893
1 0.43644826351593274 0.8128020945220193 0.5393841747225205 0.8227040816326531
