0 0.25415070242656446 0.05549568965517241 0.2563856960408684 0.14044540229885055 0.3978288633461047 0.14044540229885055 0.39846743295019155 0.05495689655172413
0 0.2586206896551724 0.2548491379310344 0.2602171136653895 0.32740660919540227 0.39463601532567044 0.326867816091954 0.3917624521072796 0.2526939655172414
0 0.28895274584929753 0.4374999999999999 0.2915070242656449 0.5109554597701149 0.421455938697318 0.5109554597701149 0.419220945083014 0.4366020114942528
0 0.28799489144316726 0.6170977011494252 0.2908684546615581 0.6889367816091954 0.4201787994891443 0.6880387931034482 0.4195402298850574 0.6165589080459769
0 0.30395913154533843 0.786817528735632 0.30619412515964234 0.8586566091954022 0.4339080459770115 0.8566810344827586 0.43231162196679435 0.7844827586206896
1 0.16056518946692355 0.09320809248554913 0.25208734746307 0.10657514450867052
1 0.4008567931456548 0.09541386168910651 0.5131663455362877 0.108742774566474
1 0.3974568203454372 0.2851323439412485 0.5154142581888246 0.29822976878612717
1 0.1718047527296082 0.2843208092485549 0.2559409120102762 0.29678468208092484
1 0.42357096981374437 0.46405346820809246 0.5234425176621708 0.47705924855491333
1 0.18497109826589594 0.4667630057803468 0.28676942838792546 0.47868497109826585
1 0.4226075786769428 0.6389089595375722 0.5279383429672446 0.6528179190751444
1 0.19332048811817598 0.6427023121387283 0.28644829800899163 0.653721098265896
1 0.4358765129878961 0.8110656364749083 0.5353243416827231 0.8224349710982658
1 0.20070648683365447 0.8157514450867052 0.30157758737930096 0.8256005201958384
