0 0.28192848020434225 0.05531609195402298 0.28352490421455934 0.13972701149425287 0.4233716475095785 0.14026580459770113 0.4236909323116219 0.054418103448275856
0 0.2854406130268199 0.254669540229885 0.2854406130268199 0.326867816091954 0.4163473818646232 0.3270474137931034 0.41602809706257976 0.2537715517241379
0 0.3132183908045977 0.4374999999999999 0.3154533844189016 0.5107758620689655 0.44699872286079173 0.510596264367816 0.44508301404853123 0.4366020114942528
0 0.3122605363984674 0.6170977011494252 0.31513409961685823 0.688397988505747 0.4422094508301404 0.6880387931034482 0.4415708812260536 0.6154813218390804
0 0.32662835249042144 0.7862787356321838 0.3282247765006385 0.8575790229885056 0.45913154533844186 0.857758620689655 0.4565772669220945 0.7835847701149424
1 0.18646232439335886 0.09374999999999999 0.2796934865900383 0.10739942528735631
1 0.4259259259259259 0.09500718390804597 0.5392720306513409 0.11009339080459768
1 0.1957215836526181 0.28484195402298845 0.28224776500638565 0.29741379310344823
1 0.4208173690932311 0.28484195402298845 0.5421455938697317 0.2981321839080459
1 0.20913154533844186 0.46623563218390796 0.31066411238825026 0.47790948275862066
1 0.4482758620689654 0.4656968390804598 0.5466155810983396 0.47701149425287354
1 0.21647509578544058 0.6417025862068965 0.31034482758620685 0.652478448275862
1 0.4463601532567049 0.6393678160919539 0.551404853128991 0.6515804597701148
1 0.22541507024265642 0.814655172413793 0.32407407407407407 0.8257902298850575
1 0.4616858237547892 0.8112428160919538 0.5577905491698594 0.8220186781609196
