0 0.30268199233716475 0.05585488505747126 0.30587484035759893 0.13631465517241376 0.44380587484035755 0.13613505747126436 0.44380587484035755 0.05477729885057471
0 0.30044699872286074 0.25197557471264365 0.3023627075351213 0.3270474137931034 0.43646232439335886 0.326867816091954 0.435823754789272 0.2505387931034483
0 0.3291826309067688 0.43803879310344823 0.3304597701149425 0.510596264367816 0.4613665389527458 0.5098778735632183 0.46040868454661554 0.4371408045977011
0 0.3250319284802043 0.6178160919540229 0.3279054916985951 0.6882183908045977 0.4553001277139208 0.688397988505747 0.45178799489144306 0.6163793103448275
0 0.334610472541507 0.7857399425287356 0.33652618135376755 0.8579382183908045 0.46487867177522346 0.8568606321839078 0.46519795657726687 0.784662356321839
1 0.4399744572158365 0.28484195402298845 0.5587484035759898 0.2981321839080459
1 0.21392081736909319 0.2855603448275862 0.29916985951468705 0.2966954022988505
1 0.4629629629629629 0.4640804597701149 0.5641762452107278 0.47701149425287354
1 0.22605363984674326 0.4664152298850574 0.32758620689655166 0.47988505747126425
1 0.22956577266922093 0.6429597701149424 0.3234355044699872 0.6540948275862069
1 0.4575351213282247 0.6391882183908045 0.5622605363984674 0.6517600574712643
1 0.23563218390804594 0.8144755747126435 0.33269476372924645 0.8250718390804597
1 0.46775223499361424 0.8128591954022987 0.5676883780332056 0.8227370689655171
1 0.4463601532567049 0.09482758620689655 0.5593869731800766 0.10901580459770113
1 0.20753512132822477 0.09357040229885057 0.301404853128991 0.10632183908045975
